MEME version 4.5 - modified
ALPHABET= ACGTE 
strands: + 
Background letter frequencies
A 0.295 C 0.205 G 0.205 T 0.295 E 0.0076

MOTIF 0_37.036
letter-probability matrix: alength= 5 w= 9 nsites= 298 score= 37.036
0.118836	0.454338	0.206182	0.216782	0.003862
0.049383	0.131308	0.759941	0.059368	0.0
0.060793	0.765076	0.111099	0.062369	0.000662
0.204458	0.609613	0.153027	0.032707	0.000195
0.030555	0.152246	0.132369	0.684208	0.000622
0.006169	0.103489	0.886969	0.003372	0.0
0.009398	0.934164	0.038906	0.010412	0.007119
0.003161	0.029753	0.94568	0.021405	0.0
0.004802	0.944758	0.014238	0.035426	0.000776

MOTIF 1_36.809
letter-probability matrix: alength= 5 w= 9 nsites= 217 score= 36.809
0.101024	0.69903	0.126441	0.073336	0.00017
0.25118	0.590755	0.118572	0.039492	0.0
0.03997	0.100544	0.121608	0.73714	0.000738
0.012602	0.032006	0.950904	0.004488	0.0
0.00577	0.978425	0.002939	0.00502	0.007846
0.000807	0.002576	0.991312	0.005304	0.0
0.002074	0.950671	0.012989	0.033039	0.001227
0.585148	0.142876	0.222228	0.049748	0.0
0.131653	0.299216	0.234633	0.334129	0.000369

MOTIF 2_26.53
letter-probability matrix: alength= 5 w= 9 nsites= 64 score= 26.53
0.08387	0.6806	0.055447	0.171466	0.008618
0.076854	0.0	0.869488	0.053658	0.0
0.024279	0.931721	0.009471	0.026798	0.007732
0.009957	0.017928	0.971912	0.000203	0.0
0.017943	0.936499	0.024186	0.016147	0.005226
0.027333	0.0	0.882862	0.089806	0.0
0.011547	0.709183	0.012946	0.264268	0.002055
0.053682	0.487944	0.125522	0.332851	0.0
0.068447	0.75091	0.128681	0.05106	0.000902

MOTIF 3_24.612
letter-probability matrix: alength= 5 w= 12 nsites= 122 score= 24.612
0.093995	0.125039	0.65206	0.128815	9.2e-05
0.052016	0.796519	0.030248	0.120261	0.000957
0.068213	0.728879	0.11098	0.091835	9.3e-05
0.042078	0.789613	0.147053	0.02115	0.000106
0.010671	0.957991	0.015625	0.01235	0.003363
0.034342	0.0	0.893927	0.071731	0.0
0.016852	0.914517	0.053769	0.009055	0.005808
0.019256	0.81961	0.142566	0.018523	4.5e-05
0.0	0.995784	0.001977	0.0	0.002239
0.006635	0.985329	0.006572	0.001464	0.0
0.0	0.0	0.0	1.0	0.0
0.0	0.003767	0.996233	0.0	0.0

MOTIF 4_24.531
letter-probability matrix: alength= 5 w= 12 nsites= 381 score= 24.531
0.032279	0.840058	0.030699	0.096696	0.000267
0.048451	0.708194	0.14834	0.094987	2.8e-05
0.044908	0.703199	0.206037	0.045822	3.4e-05
0.022984	0.876456	0.08262	0.015244	0.002696
0.03355	0.061298	0.817619	0.087534	0.0
0.008532	0.926635	0.044924	0.019623	0.000287
0.019107	0.840985	0.103932	0.035699	0.000276
0.019775	0.84452	0.047311	0.088335	5.9e-05
0.3112	0.417591	0.097422	0.173367	0.000421
0.045342	0.381668	0.436195	0.136796	0.0
0.039693	0.406309	0.447143	0.106855	0.0
0.400404	0.092241	0.365876	0.138847	0.002634

MOTIF 5_24.313
letter-probability matrix: alength= 5 w= 10 nsites= 206 score= 24.313
0.122353	0.449869	0.166004	0.261774	0.0
0.19194	0.639096	0.154378	0.014429	0.000158
0.052407	0.715	0.213997	0.018562	3.4e-05
0.060666	0.045223	0.750235	0.143877	0.0
0.018828	0.884796	0.0	0.095983	0.000392
0.078966	0.659019	0.12154	0.140028	0.000446
0.028794	0.757964	0.070097	0.143133	1.3e-05
0.014576	0.911843	0.027791	0.043824	0.001965
0.031313	0.044504	0.836729	0.087357	9.7e-05
0.006167	0.993833	0.0	0.0	0.0

MOTIF 6_20.852
letter-probability matrix: alength= 5 w= 9 nsites= 146 score= 20.852
0.03382	0.764904	0.132005	0.069271	0.0
0.670438	0.102973	0.203193	0.023397	0.0
0.018365	0.928664	0.035872	0.016865	0.000235
0.003914	0.041925	0.954162	0.0	0.0
0.046889	0.043084	0.099633	0.808892	0.001502
0.054613	0.203314	0.738473	0.0036	0.0
0.822028	0.040523	0.11987	0.017273	0.000305
0.027193	0.699908	0.184209	0.08869	0.0
0.091994	0.50461	0.356063	0.047334	0.0

MOTIF 7_20.663
letter-probability matrix: alength= 5 w= 8 nsites= 86 score= 20.663
0.494888	0.073754	0.315947	0.11541	0.0
0.0339	0.730857	0.115471	0.119773	0.0
0.056269	0.126696	0.053804	0.763171	5.9e-05
0.021755	0.229247	0.020362	0.728637	0.0
0.009479	0.95653	0.024662	0.009278	5.2e-05
0.002307	0.964004	0.0229	0.009853	0.000937
0.014185	0.082035	0.882534	0.021247	0.0
0.031704	0.117789	0.802084	0.047897	0.000527

MOTIF 8_20.493
letter-probability matrix: alength= 5 w= 9 nsites= 105 score= 20.493
0.011169	0.656165	0.121293	0.211374	0.0
0.036415	0.029965	0.065877	0.867743	0.0
0.044009	0.093442	0.023436	0.839113	0.0
0.013212	0.945107	0.038246	0.003435	0.0
0.006482	0.942636	0.012533	0.036946	0.001403
0.02105	0.119161	0.836813	0.02281	0.000166
0.003054	0.089578	0.799105	0.108263	0.0
0.115837	0.425565	0.322758	0.135841	0.0
0.171345	0.278155	0.191519	0.358981	0.0

MOTIF 9_19.924
letter-probability matrix: alength= 5 w= 9 nsites= 159 score= 19.924
0.102093	0.062825	0.815481	0.019601	0.0
0.066648	0.752936	0.12548	0.053952	0.000983
0.635396	0.116961	0.126301	0.118332	0.00301
0.02049	0.032125	0.930104	0.017281	0.0
0.107265	0.835593	0.015934	0.040356	0.000852
0.084057	0.714568	0.157136	0.039605	0.004634
0.042499	0.05444	0.887811	0.015249	0.0
0.019607	0.939092	0.031876	0.009324	0.000101
0.095586	0.375661	0.285118	0.240849	0.002785

MOTIF 10_19.793
letter-probability matrix: alength= 5 w= 8 nsites= 54 score= 19.793
0.022631	0.731727	0.06508	0.180562	0.0
0.835452	0.017233	0.030456	0.116285	0.000574
0.034899	0.100942	0.76825	0.095909	0.0
0.199521	0.046593	0.051855	0.693638	0.008392
0.089756	0.081973	0.822134	0.005995	0.000143
0.013874	0.906048	0.01893	0.045246	0.015901
0.00462	0.008085	0.979631	0.007664	0.0
0.008222	0.895266	0.079764	0.011141	0.005606

MOTIF 11_18.648
letter-probability matrix: alength= 5 w= 9 nsites= 104 score= 18.648
0.069213	0.648123	0.169878	0.112786	0.0
0.106761	0.749299	0.071355	0.070288	0.002297
0.099771	0.059197	0.781549	0.059483	0.0
0.132791	0.635105	0.077925	0.153586	0.000593
0.048956	0.033882	0.049899	0.867263	0.0
0.105687	0.594729	0.029628	0.269956	0.0
0.015303	0.950467	0.009721	0.02451	0.0
0.081711	0.888345	0.012411	0.017241	0.000292
0.015006	0.027332	0.956679	0.000983	0.0

MOTIF 12_18.627
letter-probability matrix: alength= 5 w= 9 nsites= 36 score= 18.627
0.017304	0.748093	0.0	0.230098	0.004504
0.630853	0.035803	0.294761	0.038584	0.0
0.015117	0.028305	0.027468	0.929109	0.0
0.094349	0.014762	0.859725	0.031165	0.0
0.0	0.990836	0.004971	0.0	0.004193
0.0	0.003896	0.996104	0.0	0.0
0.022293	0.063199	0.010341	0.904167	0.0
0.018438	0.389052	0.568363	0.024147	0.0
0.232105	0.153624	0.045404	0.568867	0.0

MOTIF 13_18.286
letter-probability matrix: alength= 5 w= 10 nsites= 63 score= 18.286
0.114211	0.460989	0.4248	0.0	0.0
0.106671	0.318074	0.0752	0.09474	0.405315
0.017814	0.032634	0.926089	0.023462	0.0
0.0	0.136116	0.004216	0.124427	0.735241
0.0	0.017424	0.974941	0.007635	0.0
0.025871	0.062274	0.00974	0.002845	0.89927
0.060632	0.015354	0.924014	0.0	0.0
0.053351	0.772737	0.056966	0.026336	0.09061
0.724182	0.019603	0.243466	0.012749	0.0
0.0	0.574477	0.088517	0.296734	0.040272

MOTIF 14_18.125
letter-probability matrix: alength= 5 w= 8 nsites= 47 score= 18.125
0.875897	0.0	0.063476	0.060627	0.0
0.065198	0.186855	0.650669	0.090667	0.006612
0.052226	0.138661	0.788999	0.020114	0.0
0.12992	0.791952	0.046563	0.030717	0.000847
0.020116	0.0	0.979884	0.0	0.0
0.017816	0.927578	0.020301	0.030577	0.003727
0.19369	0.023133	0.668324	0.114854	0.0
0.077157	0.875244	0.0	0.046817	0.000782

MOTIF 15_17.655
letter-probability matrix: alength= 5 w= 11 nsites= 61 score= 17.655
0.0	0.156859	0.033067	0.810074	0.0
0.644267	0.0	0.001293	0.345177	0.009264
0.02516	0.0	0.943189	0.031652	0.0
0.814659	0.046351	0.000559	0.12544	0.012992
0.195793	0.001915	0.770547	0.024471	0.007274
0.030217	0.015202	0.954174	0.000407	0.0
0.044967	0.910356	0.021012	0.000665	0.023
0.0	0.005498	0.984511	0.00999	0.0
0.214715	0.781437	0.0	0.002805	0.001043
0.824658	0.001631	0.001972	0.171739	0.0
0.038093	0.0	0.255636	0.706271	0.0

MOTIF 16_16.822
letter-probability matrix: alength= 5 w= 8 nsites= 54 score= 16.822
0.155767	0.649524	0.051316	0.143393	0.0
0.163128	0.591439	0.138626	0.106808	0.0
0.877117	0.009956	0.0	0.112928	0.0
0.081312	0.099008	0.710753	0.108927	0.0
0.073394	0.13013	0.034829	0.760176	0.001471
0.015747	0.096101	0.879695	0.008458	0.0
0.009898	0.961152	0.020666	0.0	0.008284
0.001999	0.058753	0.939249	0.0	0.0

MOTIF 17_16.628
letter-probability matrix: alength= 5 w= 11 nsites= 33 score= 16.628
0.785073	0.0	0.135273	0.075886	0.003768
0.062666	0.0	0.528677	0.408657	0.0
0.175426	0.130797	0.669211	0.013679	0.010888
0.463538	0.0	0.513671	0.022791	0.0
0.0	0.99588	0.0	0.0	0.00412
0.0	0.005578	0.994422	0.0	0.0
0.054191	0.859672	0.065544	0.020593	0.0
0.974759	0.0	0.008603	0.016638	0.0
0.0	0.281053	0.0	0.718947	0.0
0.0	0.168145	0.645828	0.186026	0.0
0.0	0.0	0.0	0.960987	0.039013

MOTIF 18_16.394
letter-probability matrix: alength= 5 w= 12 nsites= 38 score= 16.394
0.02086	0.048217	0.0	0.003652	0.927271
0.017123	0.0	0.982877	0.0	0.0
0.0	0.82365	0.019564	0.015752	0.141034
0.708095	0.019532	0.245918	0.026456	0.0
0.069092	0.353403	0.258219	0.087021	0.232265
0.004598	0.036047	0.938695	0.02066	0.0
0.0	0.081685	0.01182	0.0	0.906495
0.006725	0.014081	0.97105	0.008144	0.0
0.020001	0.884016	0.0	0.014419	0.081565
0.870957	0.0	0.0	0.129043	0.0
0.0	1.0	0.0	0.0	0.0
0.855784	0.0	0.144216	0.0	0.0

MOTIF 19_16.328
letter-probability matrix: alength= 5 w= 8 nsites= 47 score= 16.328
0.690194	0.092057	0.157834	0.059915	0.0
0.086108	0.123003	0.023057	0.767833	0.0
0.025163	0.063437	0.857377	0.054023	0.0
0.55453	0.035036	0.386656	0.023779	0.0
0.0	0.99403	0.005625	0.0	0.000344
0.006866	0.0	0.984079	0.009055	0.0
0.221141	0.075414	0.034824	0.668621	0.0
0.070135	0.84006	0.0	0.089805	0.0

MOTIF 20_15.717
letter-probability matrix: alength= 5 w= 9 nsites= 81 score= 15.717
0.026912	0.85402	0.041749	0.076486	0.000833
0.015302	0.058729	0.924345	0.001624	0.0
0.023758	0.035684	0.920462	0.020095	0.0
0.854578	0.000134	0.131419	0.013415	0.000454
0.270399	0.045992	0.563431	0.120178	0.0
0.315926	0.611619	0.017926	0.054528	0.0
0.0363	0.901978	0.032297	0.029426	0.0
0.117869	0.786431	0.059863	0.035836	0.0
0.063227	0.58724	0.316626	0.032483	0.000425

MOTIF 21_15.496
letter-probability matrix: alength= 5 w= 8 nsites= 32 score= 15.496
0.110322	0.283001	0.052166	0.553289	0.001222
0.037468	0.073249	0.853152	0.036131	0.0
0.878569	0.008458	0.098575	0.014398	0.0
0.011848	0.928003	0.025732	0.028701	0.005716
0.000541	0.052664	0.911879	0.034916	0.0
0.026939	0.234	0.009819	0.729242	0.0
0.171206	0.769932	0.040221	0.018641	0.0
0.954587	0.003824	0.036262	0.005327	0.0

MOTIF 22_15.47
letter-probability matrix: alength= 5 w= 8 nsites= 61 score= 15.47
0.774219	0.130573	0.034572	0.059185	0.001451
0.037721	0.007323	0.949653	0.00523	7.3e-05
0.079728	0.023433	0.889081	0.007344	0.000413
0.336603	0.000415	0.474538	0.188028	0.000415
0.050463	0.041149	0.887781	0.019062	0.001545
0.142257	0.0466	0.685832	0.125311	0.0
0.220222	0.748229	0.002612	0.024419	0.004518
0.005043	0.008058	0.983705	0.003006	0.000189

MOTIF 23_15.359
letter-probability matrix: alength= 5 w= 11 nsites= 54 score= 15.359
0.0	1.0	0.0	0.0	0.0
0.010733	0.016821	0.0	0.972446	0.0
0.075936	0.872722	0.047386	0.002131	0.001824
0.0	0.054733	0.92757	0.017697	0.0
0.032265	0.722236	0.07627	0.154534	0.014696
0.0	0.058799	0.940429	0.000772	0.0
0.741055	0.136481	0.054181	0.042548	0.025734
0.010203	0.063109	0.926031	0.000658	0.0
0.080609	0.0	0.882736	0.036655	0.0
0.174854	0.479717	0.002585	0.332918	0.009925
0.116719	0.011916	0.256239	0.615126	0.0

MOTIF 24_15.288
letter-probability matrix: alength= 5 w= 12 nsites= 63 score= 15.288
0.0	0.0	0.202265	0.797735	0.0
0.514361	0.180798	0.0	0.304841	0.0
0.007138	0.716383	0.0	0.27648	0.0
0.010753	0.923263	0.012439	0.052984	0.000562
0.012113	0.963008	0.021524	0.003355	0.0
0.043477	0.008434	0.943507	0.004581	0.0
0.091286	0.029167	0.878404	0.001143	0.0
0.0672	0.320972	0.465986	0.145843	0.0
0.028293	0.66512	0.115875	0.190164	0.000548
0.051648	0.030577	0.049075	0.8687	0.0
0.0	0.913502	0.084692	0.001806	0.0
0.0	0.0	0.330937	0.669063	0.0

MOTIF 25_15.102
letter-probability matrix: alength= 5 w= 8 nsites= 20 score= 15.102
0.159318	0.103528	0.656449	0.080705	0.0
0.060843	0.939157	0.0	0.0	0.0
0.041349	0.958651	0.0	0.0	0.0
0.013707	0.0	0.981628	0.004665	0.0
0.2714	0.696156	0.032443	0.0	0.0
0.022105	0.0	0.977895	0.0	0.0
0.128992	0.0	0.849861	0.021147	0.0
0.618948	0.0	0.351652	0.0294	0.0

MOTIF 26_14.839
letter-probability matrix: alength= 5 w= 12 nsites= 61 score= 14.839
0.919575	0.0	0.0	0.080425	0.0
0.0	0.962653	0.0	0.037347	0.0
0.32955	0.049835	0.068848	0.551767	0.0
0.0	0.885969	0.0	0.113125	0.000906
0.031637	0.043215	0.867564	0.049936	0.007648
0.007246	0.006472	0.9746	0.011682	0.0
0.043055	0.828595	0.070652	0.057545	0.000153
0.193124	0.051339	0.705615	0.049115	0.000806
0.012127	0.0	0.610579	0.377294	0.0
0.02009	0.959942	0.010568	0.0094	0.0
0.157138	0.724435	0.069038	0.047948	0.00144
0.520318	0.243418	0.06534	0.170923	0.0

MOTIF 27_14.698
letter-probability matrix: alength= 5 w= 12 nsites= 56 score= 14.698
1.0	0.0	0.0	0.0	0.0
0.947307	0.0	0.0	0.052693	0.0
0.769223	0.0	0.103725	0.127053	0.0
0.075271	0.044837	0.683346	0.196546	0.0
0.0	0.959291	0.040709	0.0	0.0
0.0	0.130705	0.869295	0.0	0.0
0.018723	0.011247	0.937516	0.032514	0.0
0.820169	0.041913	0.110926	0.026992	0.0
0.082812	0.009503	0.865208	0.042477	0.0
0.421304	0.0	0.385307	0.193389	0.0
0.850022	0.016525	0.021914	0.111539	0.0
0.90831	0.0	0.070351	0.021339	0.0

MOTIF 28_14.605
letter-probability matrix: alength= 5 w= 8 nsites= 21 score= 14.605
0.024882	0.88057	0.056636	0.037912	0.0
0.931524	0.041797	0.002327	0.024352	0.0
0.072149	0.591635	0.332173	0.004042	0.0
0.832481	0.053053	0.027123	0.087342	0.0
0.0	0.25162	0.106026	0.620172	0.022181
0.037436	0.150493	0.7868	0.025271	0.0
0.000544	0.99428	0.005175	0.0	0.0
0.0	0.0	1.0	0.0	0.0

MOTIF 29_14.434
letter-probability matrix: alength= 5 w= 9 nsites= 50 score= 14.434
0.015816	0.848837	0.135347	0.0	0.0
0.0011	0.045682	0.881401	0.071817	0.0
0.013915	0.0	0.971209	0.014875	0.0
0.932852	0.024965	0.026382	0.0158	0.0
0.754071	0.124503	0.107835	0.013591	0.0
0.02682	0.04714	0.824635	0.101405	0.0
0.049524	0.029377	0.088528	0.832571	0.0
0.308379	0.551648	0.047968	0.092006	0.0
0.0	0.551878	0.448122	0.0	0.0

MOTIF 30_14.334
letter-probability matrix: alength= 5 w= 10 nsites= 55 score= 14.334
0.022034	0.831286	0.0	0.14668	0.0
0.151691	0.836361	0.0	0.011948	0.0
0.04175	0.131225	0.787799	0.039226	0.0
0.009171	0.969077	0.011252	0.009755	0.000746
0.007431	0.065534	0.901051	0.025984	0.0
0.176869	0.0	0.716523	0.105831	0.000777
0.015106	0.176794	0.794915	0.013185	0.0
0.84965	0.0	0.0	0.148181	0.002169
0.395105	0.227736	0.117408	0.251602	0.008149
0.056485	0.280364	0.007613	0.655539	0.0

MOTIF 31_14.262
letter-probability matrix: alength= 5 w= 10 nsites= 42 score= 14.262
0.389632	0.329501	0.136035	0.096697	0.048135
0.063218	0.514324	0.216642	0.202619	0.003198
0.245786	0.639026	0.084446	0.0	0.030743
0.002203	0.111695	0.18577	0.624384	0.075948
0.0	0.044609	0.93082	0.024572	0.0
0.003158	0.148484	0.0	0.0	0.848357
0.019632	0.056316	0.924052	0.0	0.0
0.017623	0.296954	0.021288	0.0	0.664135
0.030055	0.0	0.947637	0.022308	0.0
0.371696	0.0	0.614916	0.013388	0.0

MOTIF 32_14.154
letter-probability matrix: alength= 5 w= 8 nsites= 32 score= 14.154
0.040051	0.944375	0.0	0.015574	0.0
0.810028	0.046805	0.09411	0.047755	0.001302
0.018518	0.025142	0.953723	0.002618	0.0
0.382546	0.450988	0.160539	0.005094	0.000833
0.109587	0.049089	0.79285	0.048474	0.0
0.154652	0.799194	0.041849	0.004306	0.0
0.004227	0.923795	0.040593	0.031385	0.0
0.016873	0.037547	0.928617	0.016962	0.0

MOTIF 33_14.082
letter-probability matrix: alength= 5 w= 9 nsites= 39 score= 14.082
0.0	0.983565	0.0	0.014082	0.002353
0.006457	0.067447	0.926096	0.0	0.0
0.042145	0.035963	0.879615	0.042278	0.0
0.039256	0.0	0.882485	0.078259	0.0
0.892987	0.0	0.019911	0.087103	0.0
0.82313	0.098144	0.025947	0.05278	0.0
0.750358	0.021128	0.047467	0.181047	0.0
0.633482	0.324959	0.01544	0.026118	0.0
0.0	0.135446	0.832705	0.031848	0.0

MOTIF 34_13.729
letter-probability matrix: alength= 5 w= 9 nsites= 24 score= 13.729
0.0	0.989609	0.010391	0.0	0.0
0.0	0.969514	0.0	0.0	0.030486
0.383705	0.0	0.336812	0.279483	0.0
0.01311	0.700364	0.284848	0.0	0.001678
0.025199	0.971722	0.001678	0.001401	0.0
0.003983	0.977274	0.0	0.017835	0.000908
0.012255	0.001058	0.962527	0.02416	0.0
0.0	0.948409	0.051591	0.0	0.0
0.0	0.0	0.882894	0.117106	0.0

MOTIF 35_13.661
letter-probability matrix: alength= 5 w= 9 nsites= 43 score= 13.661
0.257402	0.075041	0.63055	0.037007	0.0
0.687183	0.0	0.038181	0.274017	0.00062
0.434046	0.035267	0.514928	0.015759	0.0
0.82371	0.049333	0.0	0.126958	0.0
0.014184	0.93841	0.047092	0.000314	0.0
0.030227	0.934778	0.0	0.034994	0.0
0.0	0.960051	0.023821	0.010046	0.006081
0.125185	0.0	0.869737	0.005077	0.0
0.0	0.799836	0.200164	0.0	0.0

MOTIF 36_13.479
letter-probability matrix: alength= 5 w= 8 nsites= 35 score= 13.479
0.094527	0.048179	0.624432	0.232862	0.0
0.241778	0.724393	0.008153	0.021796	0.003881
0.800988	0.08987	0.100892	0.00825	0.0
0.000751	0.966565	0.022934	0.008848	0.000902
0.041583	0.038591	0.866514	0.051569	0.001742
0.00999	0.727742	0.154143	0.108125	0.0
0.948878	0.0	0.033452	0.017671	0.0
0.0	0.914813	0.054531	0.026281	0.004374

MOTIF 37_13.304
letter-probability matrix: alength= 5 w= 9 nsites= 27 score= 13.304
0.946868	0.0	0.021472	0.031661	0.0
0.013725	0.570437	0.215944	0.199894	0.0
0.033421	0.035019	0.009172	0.922388	0.0
0.856691	0.057809	0.067108	0.018392	0.0
0.0	0.997878	0.002122	0.0	0.0
0.0	0.026009	0.973991	0.0	0.0
0.050871	0.162676	0.616956	0.169497	0.0
0.679721	0.0	0.246394	0.073885	0.0
0.768941	0.0	0.179083	0.051976	0.0

MOTIF 38_13.278
letter-probability matrix: alength= 5 w= 9 nsites= 20 score= 13.278
0.0	0.841942	0.075917	0.082142	0.0
0.032588	0.012861	0.943887	0.010665	0.0
0.335941	0.401407	0.245245	0.017407	0.0
0.0	0.025231	0.031472	0.943297	0.0
0.006966	0.0	0.993034	0.0	0.0
0.990534	0.0	0.0	0.009466	0.0
0.0	0.832722	0.0	0.164145	0.003133
0.027842	0.0	0.910923	0.061236	0.0
0.069879	0.0	0.269869	0.660252	0.0

MOTIF 39_13.229
letter-probability matrix: alength= 5 w= 9 nsites= 43 score= 13.229
0.042871	0.018919	0.913303	0.024906	0.0
0.968594	0.0	0.017713	0.012456	0.001237
0.381824	0.092509	0.42836	0.097307	0.0
0.123195	0.695888	0.058102	0.122816	0.0
0.00725	0.866717	0.019441	0.104602	0.00199
0.004712	0.042535	0.952753	0.0	0.0
0.01519	0.049649	0.910349	0.024813	0.0
0.835978	0.0	0.113757	0.050265	0.0
0.0	0.349803	0.505603	0.144594	0.0

MOTIF 40_13.097
letter-probability matrix: alength= 5 w= 8 nsites= 45 score= 13.097
0.000622	0.940971	0.026593	0.031814	0.0
0.037249	0.037819	0.796847	0.128086	0.0
0.015235	0.876295	0.073175	0.033919	0.001377
0.021062	0.088397	0.116176	0.774365	0.0
0.088845	0.559216	0.02257	0.329369	0.0
0.059434	0.0	0.057425	0.883141	0.0
0.099303	0.735824	0.02328	0.1404	0.001192
0.034857	0.862876	0.001431	0.098872	0.001963

MOTIF 41_13.065
letter-probability matrix: alength= 5 w= 9 nsites= 88 score= 13.065
0.027472	0.026316	0.901919	0.044293	0.0
0.125029	0.761522	0.004609	0.103232	0.005608
0.009276	0.032129	0.795962	0.162633	0.0
0.060284	0.075589	0.71734	0.144767	0.002019
0.105376	0.013199	0.679005	0.201781	0.000639
0.153164	0.027472	0.803405	0.015512	0.000447
0.085907	0.0	0.900388	0.013705	0.0
0.884884	0.001162	0.0	0.113237	0.000717
0.154683	0.323938	0.50025	0.021129	0.0

MOTIF 42_12.884
letter-probability matrix: alength= 5 w= 10 nsites= 60 score= 12.884
0.012263	0.516228	0.100754	0.370755	0.0
0.599053	0.0	0.100588	0.300359	0.0
0.86583	0.07004	0.0	0.06413	0.0
0.079173	0.820869	0.077137	0.022821	0.0
0.815076	0.119307	0.0	0.064255	0.001362
0.24858	0.028364	0.720859	0.002197	0.0
0.001109	0.988448	0.010102	0.0	0.00034
0.049112	0.008785	0.817759	0.124344	0.0
0.290471	0.668407	0.022721	0.018401	0.0
0.0	0.864601	0.106829	0.028571	0.0

MOTIF 43_12.878
letter-probability matrix: alength= 5 w= 8 nsites= 33 score= 12.878
0.071225	0.868026	0.005895	0.054307	0.000547
0.023392	0.009204	0.952687	0.014718	0.0
0.298863	0.322727	0.062977	0.30839	0.007043
0.036772	0.056341	0.825326	0.081561	0.0
0.085122	0.0	0.0	0.914878	0.0
0.002522	0.93392	0.0	0.063558	0.0
0.020623	0.675338	0.0	0.304039	0.0
0.0	0.932567	0.002186	0.065248	0.0

MOTIF 44_12.858
letter-probability matrix: alength= 5 w= 9 nsites= 24 score= 12.858
0.408033	0.031918	0.03197	0.528079	0.0
0.065442	0.082023	0.109215	0.743319	0.0
0.0	0.992282	0.007718	0.0	0.0
0.0	0.010254	0.989746	0.0	0.0
0.973168	0.0	0.0	0.026832	0.0
0.938373	0.0	0.0	0.061627	0.0
0.035128	0.89027	0.0	0.074602	0.0
0.024218	0.721148	0.016276	0.238358	0.0
0.081475	0.71683	0.0	0.201694	0.0

MOTIF 45_12.817
letter-probability matrix: alength= 5 w= 9 nsites= 24 score= 12.817
0.07123	0.858944	0.025791	0.044035	0.0
0.0	0.093815	0.876508	0.029677	0.0
0.587186	0.0	0.323081	0.089733	0.0
0.005153	0.890059	0.10093	0.003858	0.0
0.022404	0.024607	0.014598	0.938391	0.0
0.910064	0.080948	0.0	0.008988	0.0
0.003611	0.983331	0.013058	0.0	0.0
0.00386	0.030326	0.735016	0.230798	0.0
0.072851	0.0	0.500246	0.426903	0.0

MOTIF 46_12.707
letter-probability matrix: alength= 5 w= 8 nsites= 32 score= 12.707
0.04295	0.604861	0.018833	0.333357	0.0
0.029989	0.752899	0.01332	0.203791	0.0
0.83001	0.0	0.0	0.16999	0.0
0.0	0.940046	0.051052	0.008902	0.0
0.05444	0.882958	0.05698	0.00491	0.000712
0.024061	0.038584	0.90144	0.035915	0.0
0.202305	0.592364	0.048429	0.149586	0.007316
0.027346	0.022426	0.936248	0.01398	0.0

MOTIF 47_12.671
letter-probability matrix: alength= 5 w= 9 nsites= 38 score= 12.671
0.04633	0.032647	0.874997	0.046025	0.0
0.122249	0.767953	0.010854	0.098943	0.0
0.025551	0.050969	0.916426	0.007054	0.0
0.003678	0.0	0.934911	0.061412	0.0
0.01875	0.0	0.054197	0.927052	0.0
0.027646	0.848945	0.112953	0.010202	0.000254
0.453481	0.502849	0.033304	0.010366	0.0
0.0	0.997573	0.0	0.002427	0.0
0.254536	0.0	0.0	0.745464	0.0

MOTIF 48_12.645
letter-probability matrix: alength= 5 w= 9 nsites= 24 score= 12.645
0.455533	0.363612	0.141967	0.038888	0.0
0.368525	0.305325	0.118959	0.207192	0.0
0.056456	0.0	0.730282	0.213262	0.0
0.0	0.962413	0.035578	0.0	0.002009
0.0	0.0	1.0	0.0	0.0
0.0	0.0	0.974702	0.025298	0.0
1.0	0.0	0.0	0.0	0.0
0.871113	0.0	0.070665	0.058222	0.0
0.287118	0.712882	0.0	0.0	0.0

MOTIF 49_12.546
letter-probability matrix: alength= 5 w= 9 nsites= 47 score= 12.546
0.05187	0.761939	0.045924	0.140267	0.0
0.06654	0.890752	0.011623	0.031086	0.0
0.070448	0.011644	0.917908	0.0	0.0
0.789456	0.112988	0.057872	0.036796	0.002889
0.083801	0.016342	0.850368	0.049489	0.0
0.04017	0.001439	0.061616	0.896775	0.0
0.10229	0.669352	0.053484	0.174874	0.0
0.0	0.704	0.028213	0.267787	0.0
0.312222	0.257526	0.320403	0.037916	0.071933

MOTIF 50_12.501
letter-probability matrix: alength= 5 w= 8 nsites= 33 score= 12.501
0.009977	0.009357	0.889826	0.09084	0.0
0.164156	0.758848	0.047582	0.022329	0.007086
0.006764	0.002088	0.938441	0.052707	0.0
0.001268	0.07379	0.0	0.924942	0.0
0.010807	0.949706	0.0	0.039487	0.0
0.069205	0.881992	0.0	0.048803	0.0
0.00737	0.614452	0.029994	0.348184	0.0
0.163701	0.546612	0.102713	0.186974	0.0

MOTIF 51_12.419
letter-probability matrix: alength= 5 w= 8 nsites= 27 score= 12.419
0.896022	0.0	0.050345	0.050533	0.0031
0.199241	0.05931	0.621482	0.119967	0.0
0.113752	0.0	0.056366	0.827448	0.002434
0.112453	0.197706	0.672085	0.017756	0.0
0.0	0.995597	0.002797	0.0	0.001606
0.0	0.004276	0.991792	0.002671	0.001261
0.0	0.67147	0.197509	0.13102	0.0
0.060658	0.795579	0.132968	0.010794	0.0

MOTIF 52_12.35
letter-probability matrix: alength= 5 w= 8 nsites= 41 score= 12.35
0.068929	0.873153	0.014417	0.040942	0.002559
0.115456	0.222215	0.580074	0.082255	0.0
0.013088	0.921507	0.04503	0.020375	0.0
0.795106	0.070156	0.113038	0.021533	0.000167
0.000726	0.011565	0.985522	0.002187	0.0
0.789215	0.097578	0.008556	0.104399	0.000252
0.051274	0.0	0.864001	0.084725	0.0
0.00956	0.699507	0.278506	0.012428	0.0

MOTIF 53_12.281
letter-probability matrix: alength= 5 w= 8 nsites= 24 score= 12.281
0.740507	0.250116	0.009376	0.0	0.0
0.010442	0.0	0.363783	0.625774	0.0
0.038416	0.305918	0.0	0.655666	0.0
0.022163	0.108098	0.116446	0.753293	0.0
0.0742	0.01044	0.012954	0.901233	0.001172
0.171137	0.07838	0.729403	0.021081	0.0
0.0	1.0	0.0	0.0	0.0
0.0	0.0	1.0	0.0	0.0

MOTIF 54_12.189
letter-probability matrix: alength= 5 w= 9 nsites= 22 score= 12.189
0.922828	0.013928	0.0	0.063243	0.0
1.0	0.0	0.0	0.0	0.0
0.063102	0.427619	0.008558	0.500271	0.00045
0.0	0.954414	0.045586	0.0	0.0
0.011542	0.986054	0.0	0.0	0.002404
0.0	0.155427	0.742748	0.101825	0.0
0.041257	0.0	0.95721	0.0	0.001534
0.0	0.156176	0.843824	0.0	0.0
0.043302	0.618967	0.008533	0.329197	0.0

MOTIF 55_12.163
letter-probability matrix: alength= 5 w= 8 nsites= 21 score= 12.163
0.704918	0.176296	0.060999	0.057787	0.0
0.698697	0.0	0.122641	0.178662	0.0
0.062117	0.901264	0.030741	0.005879	0.0
0.017486	0.89564	0.069548	0.017327	0.0
0.007148	0.86298	0.0	0.129872	0.0
0.008641	0.318616	0.66995	0.001777	0.001017
0.002849	0.037825	0.938217	0.021109	0.0
0.841778	0.137766	0.01965	0.0	0.000806

MOTIF 56_11.932
letter-probability matrix: alength= 5 w= 9 nsites= 23 score= 11.932
0.111901	0.461573	0.0	0.426526	0.0
0.1363	0.0	0.8637	0.0	0.0
0.0	0.0	0.11388	0.88612	0.0
0.004999	0.033328	0.955255	0.006418	0.0
0.0	0.0	0.967036	0.032964	0.0
0.007907	0.984941	0.0	0.007152	0.0
0.005536	0.856427	0.1209	0.017137	0.0
0.025648	0.0	0.884556	0.089797	0.0
0.474304	0.166112	0.013734	0.34585	0.0

MOTIF 57_11.916
letter-probability matrix: alength= 5 w= 8 nsites= 23 score= 11.916
0.891036	0.034779	0.038515	0.03567	0.0
0.944757	0.023321	0.0	0.031922	0.0
0.020372	0.89869	0.042584	0.038354	0.0
0.321721	0.056349	0.452649	0.169281	0.0
0.015456	0.863736	0.008193	0.109383	0.003232
0.007325	0.017506	0.967558	0.00761	0.0
0.229332	0.592001	0.142552	0.036115	0.0
0.886297	0.031262	0.082441	0.0	0.0

MOTIF 58_11.866
letter-probability matrix: alength= 5 w= 8 nsites= 22 score= 11.866
0.471181	0.3598	0.120463	0.048556	0.0
0.889384	0.057905	0.050449	0.002262	0.0
0.727683	0.11471	0.085168	0.072439	0.0
0.288696	0.031138	0.0	0.680166	0.0
0.039073	0.073111	0.877542	0.010274	0.0
0.175494	0.033695	0.788918	0.001893	0.0
0.005752	0.993679	0.0	0.0	0.000569
0.0	0.0	0.995337	0.004663	0.0

MOTIF 59_11.796
letter-probability matrix: alength= 5 w= 8 nsites= 39 score= 11.796
0.061548	0.837721	0.059323	0.040421	0.000987
0.178489	0.736644	0.048172	0.036695	0.0
0.011647	0.105706	0.874117	0.008428	0.000102
0.02763	0.015011	0.944201	0.013159	0.0
0.763749	0.074255	0.154483	0.004727	0.002785
0.009155	0.153073	0.633388	0.204383	0.0
0.301755	0.643891	0.008018	0.046336	0.0
0.038204	0.961223	0.0	0.000573	0.0

MOTIF 60_11.768
letter-probability matrix: alength= 5 w= 9 nsites= 21 score= 11.768
0.0	0.934174	0.064481	0.0	0.001345
0.0	0.0	1.0	0.0	0.0
0.0	0.27857	0.0	0.72143	0.0
0.0	0.142842	0.045639	0.81152	0.0
0.0	0.035556	0.748043	0.216401	0.0
0.016539	0.936866	0.017704	0.024162	0.004729
0.0	0.596973	0.004729	0.398299	0.0
0.978441	0.0	0.021559	0.0	0.0
0.040163	0.020681	0.791971	0.147185	0.0

MOTIF 61_11.749
letter-probability matrix: alength= 5 w= 9 nsites= 30 score= 11.749
0.738968	0.217407	0.043625	0.0	0.0
0.322411	0.614558	0.057909	0.005121	0.0
0.770103	0.218512	0.0	0.011384	0.0
0.0	0.999743	0.0	0.0	0.000257
0.0	0.014094	0.985906	0.0	0.0
0.0	0.71215	0.250307	0.037543	0.0
0.902567	0.016209	0.0	0.076967	0.004256
0.041821	0.067522	0.885595	0.005062	0.0
0.464498	0.343483	0.0	0.19202	0.0

MOTIF 62_11.74
letter-probability matrix: alength= 5 w= 8 nsites= 37 score= 11.74
0.132109	0.086863	0.685432	0.095596	0.0
0.0	0.974226	0.012509	0.013265	0.0
0.04689	0.091944	0.742083	0.119083	0.0
0.032629	0.035248	0.073039	0.859083	0.0
0.022274	0.0296	0.075663	0.872462	0.0
0.033253	0.050753	0.0	0.915994	0.0
0.076017	0.71176	0.041229	0.170995	0.0
0.017011	0.688407	0.0	0.294582	0.0

MOTIF 63_11.674
letter-probability matrix: alength= 5 w= 9 nsites= 37 score= 11.674
0.655841	0.268396	0.049348	0.026415	0.0
0.940042	0.037557	0.014527	0.007874	0.0
0.577881	0.030709	0.25087	0.14054	0.0
0.032858	0.922518	0.033952	0.010672	0.0
0.0826	0.144107	0.156495	0.616799	0.0
0.292743	0.677223	0.030034	0.0	0.0
0.0	0.981914	0.018086	0.0	0.0
0.046889	0.024461	0.927195	0.001455	0.0
0.861761	0.0	0.0	0.138239	0.0

MOTIF 64_11.599
letter-probability matrix: alength= 5 w= 8 nsites= 46 score= 11.599
0.017047	0.816816	0.018482	0.147655	0.0
0.189469	0.608638	0.060359	0.14011	0.001424
0.013966	0.051925	0.881828	0.051805	0.000476
0.039253	0.0	0.937449	0.022796	0.000503
0.027144	0.005447	0.883635	0.083775	0.0
0.869515	0.0	0.0	0.130485	0.0
0.247564	0.668014	0.048506	0.035916	0.0
0.304892	0.630706	0.021559	0.042843	0.0

MOTIF 65_11.385
letter-probability matrix: alength= 5 w= 8 nsites= 20 score= 11.385
0.072795	0.79788	0.071675	0.057166	0.000484
0.001447	0.988707	0.000315	0.00953	0.0
0.046242	0.82387	0.090029	0.039768	9.2e-05
0.052499	0.856678	0.063421	0.019841	0.007562
0.208083	0.054637	0.73728	0.0	0.0
0.002299	0.009286	0.988415	0.0	0.0
0.577585	0.384174	0.037341	0.0	0.0009
0.045281	0.040781	0.891219	0.022718	0.0

MOTIF 66_11.266
letter-probability matrix: alength= 5 w= 8 nsites= 20 score= 11.266
0.627871	0.069766	0.105603	0.196761	0.0
0.336642	0.056889	0.599439	0.00703	0.0
0.150827	0.0	0.849173	0.0	0.0
0.105576	0.088145	0.0	0.806279	0.0
0.251929	0.705898	0.0	0.042174	0.0
0.85377	0.050774	0.086847	0.008609	0.0
0.0	1.0	0.0	0.0	0.0
0.0	0.0	1.0	0.0	0.0

MOTIF 67_11.263
letter-probability matrix: alength= 5 w= 9 nsites= 23 score= 11.263
0.062341	0.058925	0.628107	0.250626	0.0
0.027257	0.972743	0.0	0.0	0.0
0.0	0.0	1.0	0.0	0.0
0.167878	0.0	0.0	0.832122	0.0
0.0	0.026072	0.813939	0.159989	0.0
0.076434	0.005795	0.894622	0.02315	0.0
0.098648	0.0	0.039956	0.861397	0.0
0.421593	0.388132	0.045035	0.14524	0.0
0.857931	0.074632	0.0	0.063738	0.003699

MOTIF 68_11.249
letter-probability matrix: alength= 5 w= 8 nsites= 24 score= 11.249
0.904797	0.0	0.085042	0.010161	0.0
0.0	1.0	0.0	0.0	0.0
0.030395	0.096219	0.869766	0.00362	0.0
0.247069	0.603984	0.0	0.148947	0.0
0.917236	0.0	0.062124	0.02064	0.0
0.172974	0.679347	0.089618	0.058061	0.0
0.924114	0.016799	0.017229	0.041857	0.0
0.029861	0.943697	0.020248	0.006194	0.0

MOTIF 69_11.246
letter-probability matrix: alength= 5 w= 9 nsites= 25 score= 11.246
0.025667	0.0	0.895308	0.079025	0.0
0.0	0.998635	0.0	0.0	0.001365
0.0	0.01245	0.98755	0.0	0.0
0.115311	0.047101	0.0	0.837588	0.0
0.022067	0.771298	0.047344	0.159291	0.0
0.920077	0.0	0.0	0.079923	0.0
0.016102	0.166179	0.807638	0.01008	0.0
0.773003	0.0	0.0	0.226997	0.0
0.388939	0.435183	0.110768	0.06511	0.0

MOTIF 70_11.153
letter-probability matrix: alength= 5 w= 9 nsites= 40 score= 11.153
0.0	0.963504	0.031689	0.004807	0.0
0.0	0.001438	0.69617	0.249966	0.052426
0.010213	0.060501	0.841506	0.087779	0.0
0.080118	0.481994	0.046544	0.389337	0.002007
0.814477	0.0	0.137544	0.043104	0.004875
0.0	0.0	0.998586	0.0	0.001414
0.058205	0.117803	0.787612	0.036381	0.0
0.842652	0.067154	0.0	0.090194	0.0
0.0	0.305762	0.674369	0.019869	0.0

MOTIF 71_10.958
letter-probability matrix: alength= 5 w= 8 nsites= 21 score= 10.958
0.712963	0.051103	0.131154	0.10478	0.0
0.282733	0.066954	0.627407	0.022906	0.0
0.185244	0.813514	0.0	0.001242	0.0
0.006741	0.011662	0.961588	0.020009	0.0
0.003382	0.972197	0.002018	0.022402	0.0
0.051356	0.896619	0.048451	0.0	0.003574
0.043408	0.037678	0.055388	0.863527	0.0
0.0	0.053308	0.669716	0.276976	0.0

MOTIF 72_10.74
letter-probability matrix: alength= 5 w= 8 nsites= 22 score= 10.74
0.027872	0.00747	0.914278	0.05038	0.0
0.163109	0.733201	0.008892	0.094458	0.00034
0.080134	0.04028	0.873616	0.00597	0.0
0.021544	0.037082	0.924316	0.017057	0.0
0.981327	0.0	0.0	0.018673	0.0
0.868943	0.0	0.119702	0.011355	0.0
0.415613	0.579068	0.0	0.005319	0.0
0.126331	0.748189	0.12548	0.0	0.0

MOTIF 73_10.693
letter-probability matrix: alength= 5 w= 9 nsites= 23 score= 10.693
0.876856	0.0	0.0	0.123144	0.0
0.796074	0.0	0.196717	0.007209	0.0
0.016154	0.141666	0.0	0.842179	0.0
0.095235	0.770822	0.0	0.133943	0.0
0.935211	0.0	0.031425	0.033364	0.0
0.078284	0.110497	0.163028	0.648191	0.0
0.0	1.0	0.0	0.0	0.0
0.0	0.0	1.0	0.0	0.0
0.044746	0.881461	0.047309	0.026484	0.0

MOTIF 74_10.465
letter-probability matrix: alength= 5 w= 9 nsites= 20 score= 10.465
0.8293	0.1707	0.0	0.0	0.0
0.0	0.991657	0.007183	0.0	0.001161
0.0	0.0	0.383252	0.616748	0.0
1.0	0.0	0.0	0.0	0.0
0.0	0.986434	0.013566	0.0	0.0
0.480665	0.012557	0.432572	0.074207	0.0
0.862071	0.084028	0.0	0.053901	0.0
0.024926	0.839656	0.071759	0.063659	0.0
0.0	0.376629	0.078302	0.54507	0.0

MOTIF 75_10.377
letter-probability matrix: alength= 5 w= 9 nsites= 23 score= 10.377
0.0	0.119945	0.670935	0.20912	0.0
0.007903	0.0	0.087903	0.904194	0.0
0.904535	0.0	0.0	0.095465	0.0
0.0	1.0	0.0	0.0	0.0
0.0	0.0	1.0	0.0	0.0
0.776578	0.207597	0.0	0.015825	0.0
0.040752	0.258116	0.59654	0.104592	0.0
0.494654	0.02108	0.0	0.484266	0.0
0.171782	0.120857	0.707361	0.0	0.0

MOTIF 76_10.351
letter-probability matrix: alength= 5 w= 9 nsites= 27 score= 10.351
0.888256	0.05174	0.037027	0.022976	0.0
0.071799	0.00637	0.902669	0.019162	0.0
0.931181	0.0	0.068819	0.0	0.0
0.837258	0.062821	0.082368	0.017552	0.0
0.040532	0.900062	0.037126	0.02228	0.0
0.008651	0.179693	0.811656	0.0	0.0
0.2941	0.341541	0.058621	0.305737	0.0
0.03003	0.0	0.957277	0.012692	0.0
0.415803	0.109277	0.065098	0.409822	0.0

MOTIF 77_10.234
letter-probability matrix: alength= 5 w= 9 nsites= 25 score= 10.234
0.044703	0.365896	0.589402	0.0	0.0
0.76888	0.0	0.160589	0.07053	0.0
0.016539	0.0	0.088503	0.89312	0.001839
0.01021	0.002097	0.440571	0.547122	0.0
0.005364	0.990638	0.0	0.0	0.003998
0.0	0.072083	0.003998	0.923919	0.0
0.0	0.981351	0.0	0.0	0.018649
0.212913	0.0	0.782917	0.0	0.004169
0.02799	0.219998	0.752012	0.0	0.0

MOTIF 78_10.137
letter-probability matrix: alength= 5 w= 8 nsites= 20 score= 10.137
0.829236	0.045424	0.0	0.12534	0.0
0.318614	0.362596	0.279533	0.039257	0.0
0.031221	0.968779	0.0	0.0	0.0
0.005373	0.163532	0.831095	0.0	0.0
0.007634	0.952073	0.013168	0.027124	0.0
0.0	0.074164	0.0	0.925836	0.0
0.621289	0.364277	0.002038	0.012397	0.0
0.090671	0.885325	0.016101	0.0068	0.001104

MOTIF 79_10.102
letter-probability matrix: alength= 5 w= 8 nsites= 22 score= 10.102
0.916772	0.0	0.069265	0.013963	0.0
0.777362	0.15305	0.069588	0.0	0.0
0.67539	0.0	0.058499	0.266111	0.0
0.020285	0.036409	0.755531	0.187775	0.0
0.082712	0.060132	0.857156	0.0	0.0
0.005499	0.806329	0.181366	0.00623	0.000575
0.005111	0.0	0.98778	0.007109	0.0
0.019653	0.681099	0.292843	0.006405	0.0

MOTIF 80_10.078
letter-probability matrix: alength= 5 w= 9 nsites= 21 score= 10.078
0.747227	0.16812	0.084653	0.0	0.0
0.0	0.053474	0.061636	0.88489	0.0
0.859755	0.115248	0.014756	0.010241	0.0
0.433235	0.170077	0.0	0.396689	0.0
0.628649	0.211505	0.05514	0.104706	0.0
0.060653	0.031547	0.9078	0.0	0.0
0.0	1.0	0.0	0.0	0.0
0.0	0.0	1.0	0.0	0.0
0.781269	0.0	0.0	0.218731	0.0

MOTIF 81_9.833
letter-probability matrix: alength= 5 w= 9 nsites= 20 score= 9.833
0.010684	0.405859	0.583457	0.0	0.0
0.0	1.0	0.0	0.0	0.0
0.0	0.007235	0.960026	0.032739	0.0
0.97938	0.0	0.0	0.02062	0.0
0.227587	0.0	0.514915	0.257498	0.0
0.954667	0.0	0.0	0.045333	0.0
0.161606	0.032703	0.0	0.805691	0.0
0.890831	0.109169	0.0	0.0	0.0
0.113381	0.105472	0.723049	0.058098	0.0

MOTIF 82_9.787
letter-probability matrix: alength= 5 w= 9 nsites= 23 score= 9.787
0.0	0.0	0.427235	0.572765	0.0
0.866426	0.003357	0.0	0.130217	0.0
0.0	0.997033	0.0	0.0	0.002967
0.0	0.040894	0.952188	0.0	0.006918
0.034576	0.123951	0.815187	0.026286	0.0
0.164866	0.0	0.671054	0.16408	0.0
0.855503	0.065275	0.0	0.079222	0.0
0.921487	0.05361	0.0	0.024902	0.0
0.694113	0.0	0.0	0.305887	0.0

MOTIF 83_9.754
letter-probability matrix: alength= 5 w= 10 nsites= 51 score= 9.754
0.010524	0.989476	0.0	0.0	0.0
0.018547	0.949676	0.0	0.031001	0.000776
0.048023	0.0	0.054358	0.897619	0.0
0.006248	0.979836	0.007941	0.005975	0.0
0.070299	0.044934	0.0	0.884767	0.0
0.04421	0.640867	0.313848	0.001075	0.0
0.156355	0.036595	0.780988	0.023713	0.002348
0.004991	0.420954	0.560578	0.011544	0.001932
0.529277	0.238937	0.137006	0.094779	0.0
0.061588	0.437	0.461527	0.039886	0.0

MOTIF 84_9.674
letter-probability matrix: alength= 5 w= 9 nsites= 20 score= 9.674
0.861503	0.0	0.101304	0.037193	0.0
0.0	0.968206	0.0	0.031794	0.0
0.0	0.0	1.0	0.0	0.0
0.089103	0.13913	0.0	0.771767	0.0
0.028844	0.306177	0.651019	0.01396	0.0
0.012183	0.0	0.798547	0.18927	0.0
0.024714	0.0	0.079732	0.895553	0.0
0.015334	0.0	0.841027	0.143639	0.0
0.079179	0.387395	0.320423	0.213002	0.0

MOTIF 85_9.604
letter-probability matrix: alength= 5 w= 8 nsites= 21 score= 9.604
0.061786	0.039262	0.771872	0.127081	0.0
0.914582	0.0	0.070928	0.014489	0.0
0.102332	0.779265	0.118403	0.0	0.0
0.0	0.877108	0.067728	0.055164	0.0
0.0	0.012448	0.987552	0.0	0.0
0.459534	0.0	0.222379	0.316984	0.001103
0.011677	0.0	0.988323	0.0	0.0
0.808279	0.0	0.085169	0.106552	0.0

MOTIF 86_9.457
letter-probability matrix: alength= 5 w= 8 nsites= 27 score= 9.457
0.027134	0.833881	0.080713	0.057495	0.000778
0.0	0.957602	0.036786	0.0	0.005613
0.094282	0.007666	0.631242	0.262226	0.004583
0.011504	0.940498	0.038817	0.007042	0.002139
0.019052	0.936488	0.006722	0.018441	0.019296
0.836125	0.033963	0.048431	0.080546	0.000935
0.0	0.003903	0.496969	0.499128	0.0
0.012902	0.10487	0.747117	0.135111	0.0

MOTIF 87_9.406
letter-probability matrix: alength= 5 w= 9 nsites= 20 score= 9.406
0.994721	0.005279	0.0	0.0	0.0
0.0	0.96862	0.018101	0.013279	0.0
0.0	0.981443	0.018557	0.0	0.0
0.971283	0.017511	0.0	0.011206	0.0
0.814524	0.065224	0.111624	0.008629	0.0
0.025054	0.044356	0.0	0.93059	0.0
0.0303	0.957166	0.01188	0.0	0.000655
0.422118	0.09452	0.483362	0.0	0.0
0.0	0.426212	0.573788	0.0	0.0

MOTIF 88_9.398
letter-probability matrix: alength= 5 w= 10 nsites= 30 score= 9.398
0.0	0.270713	0.118947	0.61034	0.0
0.0	0.117436	0.882564	0.0	0.0
0.970918	0.0	0.005876	0.023206	0.0
0.004816	0.108551	0.000249	0.886385	0.0
0.00365	0.0	0.009773	0.986577	0.0
0.0	0.051662	0.948338	0.0	0.0
0.007408	0.0	0.989097	0.003496	0.0
0.025049	0.856851	0.022617	0.095484	0.0
0.016609	0.384517	0.058545	0.540329	0.0
0.117389	0.183035	0.699576	0.0	0.0

MOTIF 89_9.238
letter-probability matrix: alength= 5 w= 10 nsites= 32 score= 9.238
0.332533	0.0	0.0	0.667467	0.0
0.069945	0.486295	0.107464	0.336297	0.0
0.060479	0.915281	0.024241	0.0	0.0
0.050092	0.856851	0.020343	0.072714	0.0
1.0	0.0	0.0	0.0	0.0
0.0	0.975636	0.024364	0.0	0.0
0.0	0.0	0.772124	0.227876	0.0
0.0254	0.0	0.104486	0.870114	0.0
0.22898	0.708864	0.062157	0.0	0.0
0.316487	0.0	0.0	0.683513	0.0

MOTIF 90_9.21
letter-probability matrix: alength= 5 w= 8 nsites= 20 score= 9.21
0.471825	0.50108	0.027095	0.0	0.0
0.021847	0.826266	0.035254	0.116199	0.000434
0.011663	0.022159	0.88363	0.082549	0.0
0.0	0.710604	0.05439	0.235006	0.0
0.896273	0.067301	0.029392	0.007033	0.0
0.0	0.07914	0.919332	0.001528	0.0
0.752123	0.086857	0.116229	0.044791	0.0
0.084735	0.012647	0.902618	0.0	0.0

MOTIF 91_9.201
letter-probability matrix: alength= 5 w= 9 nsites= 22 score= 9.201
0.406628	0.0	0.0	0.593372	0.0
0.59899	0.40101	0.0	0.0	0.0
0.075468	0.913487	0.003908	0.007137	0.0
0.0	0.131845	0.857659	0.010496	0.0
0.00671	0.14796	0.845331	0.0	0.0
0.0	0.0	0.034806	0.965194	0.0
0.225678	0.0	0.758619	0.015703	0.0
0.087154	0.0	0.912846	0.0	0.0
0.015645	0.067452	0.916903	0.0	0.0

MOTIF 92_9.157
letter-probability matrix: alength= 5 w= 9 nsites= 24 score= 9.157
0.0	0.469016	0.210667	0.320316	0.0
0.002865	0.011839	0.975298	0.009997	0.0
0.038644	0.0	0.0	0.961356	0.0
0.052374	0.0	0.947626	0.0	0.0
0.0	0.065406	0.903357	0.031237	0.0
0.225367	0.113018	0.65563	0.005984	0.0
0.053244	0.0	0.886988	0.059767	0.0
0.417405	0.0	0.032925	0.54967	0.0
0.0	0.944008	0.0	0.055992	0.0

MOTIF 93_9.118
letter-probability matrix: alength= 5 w= 8 nsites= 24 score= 9.118
0.0	1.0	0.0	0.0	0.0
0.0	0.010336	0.989664	0.0	0.0
0.018688	0.033934	0.203811	0.743567	0.0
0.15054	0.17255	0.011588	0.665321	0.0
0.186473	0.052359	0.11997	0.641197	0.0
0.051815	0.712306	0.214759	0.02112	0.0
0.05697	0.005263	0.0	0.937767	0.0
0.042161	0.687498	0.125243	0.145098	0.0

MOTIF 94_8.914
letter-probability matrix: alength= 5 w= 9 nsites= 23 score= 8.914
0.168287	0.433293	0.390482	0.007938	0.0
0.195134	0.669307	0.135559	0.0	0.0
0.0	0.940848	0.02668	0.032472	0.0
0.009009	0.147948	0.843044	0.0	0.0
0.0	0.066294	0.065954	0.867752	0.0
0.027747	0.0	0.054337	0.917916	0.0
0.089881	0.0	0.0	0.910119	0.0
0.036615	0.94056	0.0	0.022825	0.0
0.682786	0.0	0.0	0.317214	0.0

MOTIF 95_8.892
