MEME version 4.5 - modified
ALPHABET= ACGTE 
strands: + 
Background letter frequencies
A 0.295 C 0.205 G 0.205 T 0.295 E 0.0076

MOTIF 0_40.253
letter-probability matrix: alength= 5 w= 12 nsites= 352 score= 40.253
0.128592	0.191908	0.233554	0.439546	0.006401
0.245763	0.080222	0.338476	0.335539	0.0
0.564266	0.208679	0.218896	0.007948	0.000211
0.002163	0.001568	0.001412	0.994784	7.2e-05
0.00082	0.002051	0.225521	0.771607	0.0
0.558242	0.002972	0.293842	0.144858	8.6e-05
0.029053	0.092898	0.019254	0.157977	0.700818
0.009328	0.001486	0.985316	0.00387	0.0
0.017893	0.938183	0.00113	0.04273	6.3e-05
0.995306	0.002643	0.001496	0.000555	0.0
0.994405	0.000677	0.003493	0.001424	0.0
0.016814	0.193023	0.100428	0.689501	0.000234

MOTIF 1_29.653
letter-probability matrix: alength= 5 w= 9 nsites= 137 score= 29.653
0.581784	0.074518	0.18034	0.135582	0.027775
0.101065	0.120108	0.580615	0.196911	0.001301
0.810304	0.026509	0.159713	0.003474	0.0
0.011594	0.013098	0.00248	0.972828	0.0
0.00435	0.001693	0.011828	0.982129	0.0
0.010591	0.012279	0.963768	0.013157	0.000205
0.004716	0.194867	0.002141	0.047157	0.751119
0.030729	0.003457	0.961409	0.004405	0.0
0.240143	0.389941	0.002789	0.367127	0.0

MOTIF 2_19.225
letter-probability matrix: alength= 5 w= 12 nsites= 63 score= 19.225
0.073806	0.0	0.926194	0.0	0.0
0.07274	0.714784	0.03389	0.178587	0.0
0.263275	0.0	0.736725	0.0	0.0
0.002506	0.986332	0.001394	0.009768	0.0
0.996102	0.0	0.001751	0.002147	0.0
0.98708	0.000401	0.008694	0.003825	0.0
0.0	0.069973	0.029832	0.900195	0.0
0.864877	0.083501	0.017089	0.034533	0.0
0.100231	0.735444	0.123944	0.033873	0.006508
0.063625	0.117537	0.02546	0.793378	0.0
0.037873	0.093486	0.038117	0.830525	0.0
0.0	0.0	0.0	0.0	1.0

MOTIF 3_15.329
letter-probability matrix: alength= 5 w= 10 nsites= 102 score= 15.329
0.411162	0.01825	0.170455	0.373738	0.026395
0.110492	0.017694	0.871814	0.0	0.0
0.06368	0.028081	0.014966	0.891149	0.002123
0.000744	0.002866	0.962946	0.030462	0.002981
0.03159	0.001696	0.803007	0.163706	0.0
0.00516	0.384851	0.029411	0.008269	0.572309
0.002771	0.007616	0.967506	0.022107	0.0
0.009445	0.844258	0.125844	0.019902	0.000551
0.853148	0.065943	0.047056	0.033378	0.000475
0.796848	0.051249	0.053627	0.030273	0.068002

MOTIF 4_12.603
letter-probability matrix: alength= 5 w= 8 nsites= 111 score= 12.603
0.153574	0.057169	0.772482	0.016775	0.0
0.598361	0.084701	0.057334	0.252513	0.007091
0.088967	0.045877	0.824019	0.041137	0.0
0.856888	0.054605	0.080071	0.007682	0.000753
0.013223	0.061126	0.066909	0.858742	0.0
0.026709	0.011137	0.04948	0.912673	0.0
0.054834	0.030647	0.903831	0.010204	0.000485
0.017616	0.587438	0.012983	0.025976	0.355987

MOTIF 5_12.488
letter-probability matrix: alength= 5 w= 9 nsites= 83 score= 12.488
0.104781	0.046578	0.122073	0.0	0.726568
0.027464	0.004927	0.965822	0.001787	0.0
0.164964	0.609474	0.027743	0.197819	0.0
0.921327	0.030614	0.046274	0.001785	0.0
0.895286	0.028167	0.051726	0.024821	0.0
0.029439	0.93715	0.006866	0.023333	0.003212
0.846342	0.051763	0.044733	0.057161	0.0
0.227611	0.596541	0.109725	0.041238	0.024884
0.271754	0.151389	0.38284	0.194017	0.0

MOTIF 6_11.636
letter-probability matrix: alength= 5 w= 9 nsites= 52 score= 11.636
0.897675	0.0	0.09139	0.010935	0.0
0.0	0.145545	0.031325	0.0	0.82313
0.0	0.0	1.0	0.0	0.0
0.207589	0.645559	0.065596	0.081256	0.0
0.941852	0.039672	0.013329	0.005147	0.0
0.964586	0.003895	0.027437	0.003188	0.000893
0.011594	0.019708	0.877332	0.057948	0.033418
0.678041	0.020924	0.247981	0.053054	0.0
0.428948	0.2724	0.24049	0.058163	0.0

MOTIF 7_11.38
letter-probability matrix: alength= 5 w= 8 nsites= 59 score= 11.38
0.13485	0.039225	0.806117	0.018115	0.001694
0.283166	0.055419	0.078292	0.106099	0.477024
0.005216	0.002404	0.980442	0.011938	0.0
0.073801	0.066058	0.014267	0.844937	0.000937
0.826879	0.052977	0.103227	0.016918	0.0
0.919517	0.016033	0.046902	0.017548	0.0
0.012532	0.928851	0.028994	0.017436	0.012187
0.774921	0.158453	0.021665	0.043091	0.00187

MOTIF 8_10.974
letter-probability matrix: alength= 5 w= 12 nsites= 182 score= 10.974
0.830015	0.034056	0.026164	0.10727	0.002495
0.006481	0.020415	0.970552	0.002552	0.0
0.723046	0.117477	0.080653	0.076429	0.002394
0.034437	0.208368	0.687155	0.069664	0.000375
0.137554	0.045948	0.78795	0.028549	0.0
0.022385	0.195416	0.734768	0.04743	0.0
0.045773	0.774875	0.022811	0.14293	0.013611
0.10436	0.0116	0.868588	0.015452	0.0
0.239297	0.063461	0.523533	0.173709	0.0
0.006799	0.948709	0.012235	0.032257	0.0
0.24825	0.116524	0.010888	0.624339	0.0
0.0	0.182316	0.806057	0.011626	0.0

MOTIF 9_10.925
letter-probability matrix: alength= 5 w= 8 nsites= 52 score= 10.925
0.666488	0.050707	0.278824	0.003981	0.0
0.011725	0.011873	0.144892	0.828198	0.003312
0.079416	0.009119	0.904252	0.007213	0.0
0.643324	0.043462	0.007222	0.305991	0.0
0.017341	0.101582	0.073739	0.792486	0.014852
0.003052	0.000975	0.98088	0.015094	0.0
0.05392	0.875029	0.002947	0.037483	0.030622
0.924042	0.009423	0.058453	0.006838	0.001244

MOTIF 10_10.8
letter-probability matrix: alength= 5 w= 11 nsites= 474 score= 10.8
0.319362	0.190384	0.349073	0.140881	0.0003
0.053966	0.873509	0.041295	0.030925	0.000305
0.097523	0.724824	0.114561	0.062592	0.0005
0.08387	0.729847	0.143667	0.041656	0.000959
0.044775	0.747414	0.066932	0.103859	0.037019
0.025175	0.093326	0.723441	0.157975	8.2e-05
0.03077	0.878899	0.035856	0.05432	0.000156
0.015144	0.868242	0.074777	0.041042	0.000795
0.025299	0.800161	0.130259	0.043722	0.000559
0.045175	0.433743	0.119761	0.399353	0.001968
0.114189	0.297066	0.314218	0.267358	0.007169

MOTIF 11_10.316
letter-probability matrix: alength= 5 w= 8 nsites= 66 score= 10.316
0.761807	0.047705	0.186778	0.003709	0.0
0.004486	0.107993	0.001354	0.886168	0.0
0.003837	0.005959	0.015441	0.963114	0.01165
0.028105	0.021474	0.899158	0.051263	0.0
0.000442	0.935507	0.00089	0.00633	0.056831
0.825341	0.027411	0.126319	0.020929	0.0
0.074007	0.239111	0.062271	0.624612	0.0
0.167495	0.790073	0.002135	0.039243	0.001053

MOTIF 12_10.22
letter-probability matrix: alength= 5 w= 8 nsites= 102 score= 10.22
0.018411	0.798929	0.079349	0.091618	0.011693
0.704082	0.009085	0.074877	0.202084	0.009871
0.058442	0.040559	0.89983	0.00068	0.00049
0.093434	0.038627	0.04766	0.814162	0.006118
0.020644	0.012248	0.703089	0.262572	0.001447
0.177558	0.024551	0.75133	0.043404	0.003157
0.027126	0.312949	0.007375	0.060405	0.592145
0.004808	0.000453	0.937104	0.057634	0.0

MOTIF 13_10.011
letter-probability matrix: alength= 5 w= 9 nsites= 25 score= 10.011
0.593295	0.009786	0.383083	0.013836	0.0
0.012138	0.057396	0.010156	0.92031	0.0
0.001952	0.07383	0.008157	0.915768	0.000293
0.01902	0.076781	0.89103	0.013168	0.0
0.028624	0.289211	0.026797	0.648322	0.007046
0.027362	0.009879	0.914202	0.048557	0.0
0.017838	0.940373	0.0	0.041789	0.0
0.860802	0.0	0.133521	0.005676	0.0
0.118105	0.710476	0.12286	0.048559	0.0

MOTIF 14_9.837
letter-probability matrix: alength= 5 w= 8 nsites= 31 score= 9.837
0.862259	0.056506	0.030653	0.04145	0.009134
0.009218	0.082605	0.908177	0.0	0.0
0.089827	0.04013	0.070584	0.794514	0.004946
0.0	0.029449	0.968987	0.001564	0.0
0.916585	0.017957	0.031173	0.034285	0.0
0.109864	0.424389	0.233071	0.054746	0.17793
0.027074	0.014036	0.938126	0.020764	0.0
0.038854	0.808993	0.102318	0.049834	0.0

MOTIF 15_9.577
letter-probability matrix: alength= 5 w= 9 nsites= 52 score= 9.577
0.718654	0.023153	0.121552	0.128411	0.008231
0.030673	0.083474	0.885853	0.0	0.0
0.052567	0.037494	0.009238	0.900701	0.0
0.003646	0.155477	0.020563	0.819635	0.000678
0.058037	0.006782	0.687904	0.247277	0.0
0.050024	0.262034	0.006252	0.111982	0.569708
0.032383	0.062567	0.876136	0.028914	0.0
0.257609	0.726186	0.000995	0.01521	0.0
0.0	0.339815	0.0	0.660185	0.0

MOTIF 16_8.821
letter-probability matrix: alength= 5 w= 8 nsites= 96 score= 8.821
0.130301	0.037462	0.745625	0.086123	0.000489
0.642788	0.140654	0.202702	0.013856	0.0
0.034274	0.013949	0.069757	0.88202	0.0
0.010623	0.008625	0.943959	0.036794	0.0
0.6681	0.141915	0.031198	0.158786	0.0
0.01468	0.119351	0.04713	0.764668	0.054171
0.000883	0.000903	0.987634	0.01058	0.0
0.040243	0.905138	0.014586	0.030905	0.009129

MOTIF 17_8.3
letter-probability matrix: alength= 5 w= 11 nsites= 120 score= 8.3
0.020064	0.833755	0.123333	0.022848	0.0
0.984096	0.008934	0.002866	0.004105	0.0
0.89868	0.009732	0.076168	0.01542	0.0
0.004786	0.040263	0.007247	0.947704	0.0
0.014012	0.957304	0.026112	0.002572	0.0
0.12234	0.050147	0.020567	0.806946	0.0
0.00239	0.354192	0.057543	0.113226	0.472649
0.13279	0.015469	0.797752	0.052294	0.001695
0.013229	0.024991	0.895637	0.01888	0.047262
0.015643	0.950732	0.01663	0.016995	0.0
0.036972	0.001851	0.02899	0.932186	0.0

MOTIF 18_6.966
letter-probability matrix: alength= 5 w= 9 nsites= 58 score= 6.966
0.021631	0.686683	0.109039	0.182647	0.0
0.034534	0.034197	0.0	0.288117	0.643151
0.00481	0.030876	0.964315	0.0	0.0
0.8165	0.0	0.088706	0.089756	0.005038
0.004674	0.002409	0.982111	0.010122	0.000685
0.040068	0.045657	0.027569	0.886706	0.0
0.951024	0.00637	0.038853	0.003752	0.0
0.03559	0.045026	0.90906	0.010324	0.0
0.006561	0.948181	0.008353	0.034083	0.002822

MOTIF 19_6.858
letter-probability matrix: alength= 5 w= 9 nsites= 20 score= 6.858
0.026759	0.043465	0.009778	0.919998	0.0
0.029114	0.0	0.957003	0.013883	0.0
0.940042	0.021016	0.038942	0.0	0.0
0.00329	0.401174	0.022278	0.565035	0.008223
0.000935	0.0008	0.97076	0.027505	0.0
0.688409	0.0	0.0	0.311591	0.0
0.556694	0.385295	0.001104	0.041921	0.014986
0.933614	0.0	0.066386	0.0	0.0
0.0	0.948994	0.0	0.051006	0.0

MOTIF 20_6.171
letter-probability matrix: alength= 5 w= 13 nsites= 226 score= 6.171
0.636506	0.03869	0.324804	0.0	0.0
0.046527	0.692269	0.027575	0.233629	0.0
0.03727	0.88654	0.050271	0.020614	0.005305
0.897332	0.008012	0.016264	0.078392	0.0
0.067907	0.827233	0.047308	0.055611	0.001941
0.015852	0.780336	0.032907	0.170295	0.000609
0.818366	0.091039	0.040626	0.049969	0.0
0.0	0.439344	0.165442	0.00386	0.391355
0.043887	0.042466	0.890245	0.021172	0.00223
0.063823	0.165365	0.360685	0.410127	0.0
0.716483	0.00805	0.243514	0.028974	0.002979
0.109107	0.530003	0.250621	0.110269	0.0
0.646824	0.21935	0.024734	0.109093	0.0

MOTIF 21_5.973
letter-probability matrix: alength= 5 w= 10 nsites= 117 score= 5.973
0.926831	0.06219	0.005289	0.001324	0.004366
0.015916	0.012232	0.921957	0.02745	0.022446
0.320641	0.01225	0.656013	0.008193	0.002904
0.089466	0.153727	0.331749	0.031514	0.393545
0.046105	0.027612	0.874991	0.047749	0.003544
0.059323	0.043948	0.879082	0.017647	0.0
0.873426	0.003039	0.022233	0.080558	0.020744
0.031412	0.000934	0.963614	0.002831	0.001209
0.02827	0.054829	0.429286	0.487616	0.0
0.177498	0.771573	0.0	0.050929	0.0

MOTIF 22_5.931
letter-probability matrix: alength= 5 w= 8 nsites= 58 score= 5.931
0.609153	0.12905	0.237526	0.02427	0.0
0.019932	0.050965	0.031748	0.897354	0.0
0.000466	0.004317	0.995217	0.0	0.0
0.023392	0.959425	0.012257	0.004441	0.000485
0.987497	0.00907	0.003432	0.0	0.0
0.845571	0.04078	0.028908	0.084741	0.0
0.041366	0.061382	0.018119	0.879133	0.0
0.25184	0.527881	0.117189	0.086949	0.016141

MOTIF 23_5.741
letter-probability matrix: alength= 5 w= 8 nsites= 82 score= 5.741
0.031298	0.05043	0.902526	0.015746	0.0
0.087945	0.84494	0.033333	0.030072	0.003709
0.814583	0.040661	0.058433	0.084442	0.001881
0.549057	0.152376	0.267493	0.029383	0.001691
0.042398	0.901132	0.024321	0.030018	0.002131
0.040928	0.163341	0.116536	0.673489	0.005706
0.053109	0.16387	0.743532	0.039489	0.0
0.024782	0.811739	0.036565	0.096448	0.030466

MOTIF 24_5.59
letter-probability matrix: alength= 5 w= 8 nsites= 165 score= 5.59
0.102824	0.730754	0.142858	0.012315	0.011249
0.053553	0.103643	0.077403	0.764441	0.00096
0.012894	0.896656	0.060834	0.023817	0.005799
0.584264	0.205371	0.077272	0.132668	0.000425
0.009906	0.876769	0.069296	0.042618	0.001411
0.100088	0.098142	0.029805	0.763047	0.008919
0.02031	0.129586	0.822515	0.027224	0.000365
0.011675	0.860656	0.043531	0.072972	0.011165

MOTIF 25_5.557
letter-probability matrix: alength= 5 w= 10 nsites= 130 score= 5.557
0.139934	0.752435	0.01871	0.088921	0.0
0.030432	0.940136	0.017849	0.00954	0.002043
0.749696	0.046627	0.141066	0.059668	0.002943
0.031349	0.049751	0.909397	0.009503	0.0
0.110573	0.825254	0.052006	0.011474	0.000693
0.627791	0.190322	0.054856	0.113183	0.013848
0.030961	0.028944	0.930961	0.001506	0.007628
0.074139	0.255258	0.663065	0.001935	0.005602
0.38402	0.058968	0.409958	0.141813	0.005241
0.204391	0.527034	0.268575	0.0	0.0

MOTIF 26_5.526
letter-probability matrix: alength= 5 w= 8 nsites= 35 score= 5.526
0.036335	0.112006	0.067685	0.781617	0.002357
0.031907	0.01495	0.953143	0.0	0.0
0.053245	0.078868	0.0	0.867887	0.0
0.012537	0.035441	0.144583	0.807438	0.0
0.021197	0.015278	0.917482	0.046042	0.0
0.00821	0.791703	0.046104	0.091714	0.062269
0.382682	0.135388	0.298539	0.180763	0.002629
0.870219	0.01894	0.035313	0.075528	0.0

MOTIF 27_5.497
letter-probability matrix: alength= 5 w= 8 nsites= 23 score= 5.497
0.006382	0.420585	0.0	0.047135	0.525897
0.088554	0.069729	0.759517	0.0822	0.0
0.239078	0.0307	0.723014	0.006184	0.001024
0.007518	0.310141	0.65151	0.028979	0.001851
0.975164	0.0	0.022628	0.002208	0.0
0.02213	0.00104	0.973322	0.001911	0.001597
0.014035	0.030772	0.946156	0.009037	0.0
0.01031	0.679146	0.025934	0.192068	0.092542

MOTIF 28_5.165
letter-probability matrix: alength= 5 w= 10 nsites= 314 score= 5.165
0.052857	0.785643	0.08363	0.061061	0.01681
0.008197	0.860993	0.083004	0.046189	0.001617
0.044758	0.109099	0.139283	0.658995	0.047864
0.06382	0.065168	0.848799	0.007268	0.014945
0.060995	0.034284	0.864744	0.025795	0.014182
0.120605	0.066764	0.793177	0.019453	0.0
0.725432	0.081969	0.128301	0.038606	0.025692
0.126504	0.10184	0.717693	0.053749	0.000214
0.478911	0.143033	0.279507	0.082836	0.015714
0.234315	0.20688	0.294212	0.260193	0.0044

MOTIF 29_5.136
letter-probability matrix: alength= 5 w= 9 nsites= 249 score= 5.136
0.02957	0.779604	0.093878	0.095857	0.00109
0.09693	0.716044	0.041594	0.120667	0.024765
0.163624	0.030952	0.170661	0.633698	0.001065
0.01099	0.832717	0.072179	0.082688	0.001425
0.027187	0.85651	0.009491	0.099698	0.007114
0.061755	0.066494	0.026828	0.842855	0.002067
0.028302	0.81392	0.091193	0.064529	0.002056
0.051795	0.834385	0.027308	0.077433	0.009079
0.05026	0.404378	0.258275	0.278163	0.008924

MOTIF 30_4.972
letter-probability matrix: alength= 5 w= 9 nsites= 153 score= 4.972
0.029366	0.942774	0.015549	0.010835	0.001476
0.104746	0.241828	0.02137	0.62692	0.005136
0.055919	0.170209	0.309821	0.08314	0.380911
0.052162	0.047068	0.851902	0.04672	0.002149
0.038764	0.017351	0.798909	0.144575	0.000402
0.015805	0.844366	0.086265	0.052007	0.001556
0.030831	0.016958	0.032544	0.919666	0.0
0.054952	0.844121	0.082518	0.012669	0.00574
0.589162	0.339874	0.017565	0.053149	0.000249

MOTIF 31_4.908
letter-probability matrix: alength= 5 w= 8 nsites= 131 score= 4.908
0.011737	0.873854	0.027551	0.085099	0.001759
0.085005	0.181437	0.040872	0.692257	0.000429
0.048121	0.757856	0.160181	0.032829	0.001013
0.003292	0.936599	0.025957	0.032949	0.001204
0.62561	0.169885	0.058127	0.108108	0.038269
0.037462	0.10061	0.831829	0.029532	0.000566
0.058508	0.74822	0.158478	0.033913	0.000881
0.049182	0.762309	0.06408	0.124027	0.000402

MOTIF 32_4.643
letter-probability matrix: alength= 5 w= 10 nsites= 188 score= 4.643
0.039047	0.05884	0.382511	0.519602	0.0
0.024739	0.903024	0.056921	0.014963	0.000353
0.041816	0.098985	0.023223	0.79603	0.039946
0.008828	0.060953	0.853435	0.076783	0.0
0.03813	0.067539	0.093392	0.800939	0.0
0.008903	0.649974	0.130338	0.143534	0.06725
0.123351	0.021137	0.209906	0.645606	0.0
0.000732	0.871105	0.023805	0.101229	0.003129
0.519687	0.369384	0.045896	0.064631	0.000403
0.231639	0.398806	0.045607	0.130179	0.193769

MOTIF 33_4.537
letter-probability matrix: alength= 5 w= 8 nsites= 25 score= 4.537
0.168127	0.12078	0.711094	0.0	0.0
0.006568	0.009195	0.0	0.984237	0.0
0.091347	0.020226	0.027819	0.76945	0.091158
0.154111	0.0	0.525552	0.320337	0.0
0.0	1.0	0.0	0.0	0.0
0.698664	0.16096	0.057426	0.08295	0.0
0.0	0.963293	0.032829	0.0	0.003878
0.986592	0.0	0.013408	0.0	0.0

MOTIF 34_4.32
letter-probability matrix: alength= 5 w= 9 nsites= 100 score= 4.32
0.05135	0.460485	0.488165	0.0	0.0
0.119739	0.765272	0.013003	0.065592	0.036394
0.548607	0.191201	0.10899	0.151203	0.0
0.021534	0.964958	0.007881	0.003293	0.002334
0.258847	0.121317	0.017016	0.590043	0.012777
0.054209	0.054357	0.888569	0.002864	0.0
0.059048	0.857493	0.035245	0.047411	0.000802
0.735763	0.027523	0.131781	0.097407	0.007525
0.008451	0.025826	0.934265	0.019342	0.012116

MOTIF 35_4.319
letter-probability matrix: alength= 5 w= 8 nsites= 91 score= 4.319
0.671612	0.04182	0.221164	0.064895	0.00051
0.020348	0.026968	0.929591	0.019946	0.003148
0.007417	0.158985	0.826336	0.007262	0.0
0.044567	0.789686	0.092413	0.063766	0.009568
0.059622	0.040146	0.308633	0.589897	0.001701
0.019847	0.023308	0.941038	0.005331	0.010476
0.064689	0.074051	0.811951	0.049026	0.000283
0.640406	0.01792	0.294712	0.032521	0.014442

MOTIF 36_4.262
letter-probability matrix: alength= 5 w= 8 nsites= 51 score= 4.262
0.154945	0.171907	0.017323	0.070685	0.58514
0.064268	0.027686	0.90346	0.004587	0.0
0.077216	0.124546	0.734374	0.062678	0.001186
0.002547	0.971179	0.025787	0.000487	0.0
0.0185	0.009352	0.017259	0.954889	0.0
0.048437	0.872544	0.041339	0.034258	0.003423
0.6306	0.338903	0.016711	0.010792	0.002993
0.002857	0.74052	0.195795	0.052778	0.00805

MOTIF 37_4.195
letter-probability matrix: alength= 5 w= 8 nsites= 77 score= 4.195
0.024963	0.092754	0.66168	0.220603	0.0
0.015247	0.924393	0.036134	0.021221	0.003006
0.074769	0.728915	0.166617	0.028823	0.000876
0.001477	0.890559	0.091252	0.007971	0.008741
0.700637	0.150429	0.042545	0.104548	0.001841
0.022009	0.043698	0.911035	0.019667	0.00359
0.075631	0.079866	0.831225	0.013277	0.0
0.198046	0.680171	0.102291	0.018453	0.001039

MOTIF 38_4.155
letter-probability matrix: alength= 5 w= 8 nsites= 44 score= 4.155
0.233299	0.027706	0.693476	0.045519	0.0
0.25522	0.734609	0.009459	0.0	0.000713
0.867288	0.041083	0.041909	0.04972	0.0
0.030298	0.028794	0.000651	0.940257	0.0
0.033328	0.023347	0.004955	0.93837	0.0
0.028914	0.863743	0.008989	0.097822	0.000532
0.016978	0.962725	0.003917	0.013889	0.002491
0.4461	0.211603	0.008681	0.331321	0.002295

MOTIF 39_4.064
letter-probability matrix: alength= 5 w= 9 nsites= 89 score= 4.064
0.793049	0.048164	0.068112	0.090675	0.0
0.005729	0.972788	0.010293	0.011103	8.6e-05
0.096222	0.090784	0.068096	0.732242	0.012656
0.048636	0.050976	0.860454	0.039934	0.0
0.014828	0.939922	0.016432	0.02654	0.002278
0.493067	0.030966	0.192384	0.282586	0.000997
0.004167	0.705668	0.254231	0.035242	0.000693
0.042165	0.072768	0.072849	0.811641	0.000577
0.0	0.54192	0.078331	0.37299	0.006759

MOTIF 40_3.895
letter-probability matrix: alength= 5 w= 9 nsites= 134 score= 3.895
0.131813	0.523019	0.345168	0.0	0.0
0.630566	0.122042	0.072723	0.153746	0.020924
0.131907	0.046867	0.76524	0.055986	0.0
0.631261	0.228954	0.125972	0.013813	0.0
0.021683	0.032504	0.020596	0.916236	0.008981
0.018181	0.011339	0.960162	0.010317	0.0
0.661674	0.113149	0.038426	0.18675	0.0
0.0	0.133764	0.008725	0.789034	0.068478
0.0	0.020555	0.957396	0.021581	0.000467

MOTIF 41_3.745
letter-probability matrix: alength= 5 w= 8 nsites= 20 score= 3.745
0.031484	0.926026	0.01611	0.02638	0.0
0.050395	0.034976	0.077257	0.793887	0.043486
0.0	0.047039	0.92394	0.029021	0.0
0.022929	0.043729	0.012871	0.920471	0.0
0.025987	0.049331	0.587006	0.043641	0.294035
0.0	0.023897	0.969135	0.006968	0.0
0.054189	0.706446	0.003842	0.233334	0.002189
0.01527	0.966171	0.007989	0.0	0.01057

MOTIF 42_3.602
letter-probability matrix: alength= 5 w= 8 nsites= 29 score= 3.602
0.007971	0.907118	0.047904	0.037006	0.0
0.168492	0.03232	0.026036	0.773152	0.0
0.581762	0.21406	0.151227	0.052951	0.0
0.006166	0.063306	0.0	0.930528	0.0
0.005594	0.03201	0.0	0.921784	0.040612
0.069565	0.010697	0.900903	0.018835	0.0
0.001607	0.857722	0.001186	0.026934	0.112551
0.618985	0.189032	0.084579	0.10565	0.001755

MOTIF 43_3.596
letter-probability matrix: alength= 5 w= 8 nsites= 109 score= 3.596
0.00383	0.923008	0.041715	0.025559	0.005888
0.823086	0.0467	0.061827	0.066357	0.00203
0.010011	0.104669	0.856082	0.028876	0.000361
0.139888	0.063323	0.301465	0.477502	0.017822
0.025857	0.060498	0.896249	0.017396	0.0
0.777257	0.095059	0.099492	0.026658	0.001534
0.011571	0.088447	0.877784	0.022197	0.0
0.071687	0.742403	0.108103	0.07559	0.002217

MOTIF 44_3.545
letter-probability matrix: alength= 5 w= 8 nsites= 24 score= 3.545
0.057345	0.18663	0.04408	0.0	0.711945
0.0	0.01884	0.897212	0.083948	0.0
0.0	0.860484	0.020642	0.118874	0.0
0.001761	0.918138	0.001114	0.078987	0.0
0.001656	0.008675	0.001949	0.951509	0.036211
0.008218	0.022226	0.953563	0.015994	0.0
0.069338	0.242184	0.017231	0.668716	0.002531
0.695682	0.272758	0.019723	0.002753	0.009083

MOTIF 45_3.4
letter-probability matrix: alength= 5 w= 8 nsites= 100 score= 3.4
0.079256	0.0452	0.029443	0.846101	0.0
0.026911	0.832921	0.075902	0.063709	0.000558
0.70187	0.181457	0.027904	0.087944	0.000825
0.001391	0.821313	0.011119	0.159264	0.006914
0.111245	0.114978	0.026141	0.737029	0.010607
0.040989	0.067261	0.861741	0.030009	0.0
0.014545	0.900905	0.063637	0.015964	0.004949
0.612347	0.175975	0.070956	0.139989	0.000732

MOTIF 46_3.35
letter-probability matrix: alength= 5 w= 8 nsites= 47 score= 3.35
0.02041	0.931061	0.042321	0.006209	0.0
0.178295	0.770495	0.024538	0.026672	0.0
0.158726	0.610925	0.095733	0.134616	0.0
0.879638	0.008631	0.034095	0.077637	0.0
0.194114	0.754977	0.028058	0.022851	0.0
0.203845	0.7485	0.027174	0.020481	0.0
0.017209	0.837965	0.072832	0.069854	0.00214
0.050675	0.831981	0.112684	0.004661	0.0

MOTIF 47_3.17
letter-probability matrix: alength= 5 w= 9 nsites= 94 score= 3.17
0.013312	0.919063	0.03978	0.027845	0.0
0.928957	0.046477	0.013124	0.011443	0.0
0.813028	0.042126	0.059548	0.085297	0.0
0.023903	0.217122	0.004163	0.754813	0.0
0.030312	0.860431	0.096388	0.01287	0.0
0.744299	0.20207	0.040993	0.012638	0.0
0.004199	0.853779	0.086314	0.049618	0.006089
0.652954	0.183266	0.042222	0.117945	0.003613
0.049731	0.344359	0.365458	0.214832	0.02562

MOTIF 48_3.035
letter-probability matrix: alength= 5 w= 8 nsites= 80 score= 3.035
0.011712	0.02449	0.934539	0.004787	0.024473
0.140721	0.050052	0.794123	0.015103	0.0
0.906153	0.003975	0.076036	0.013836	0.0
0.816321	0.022047	0.018902	0.141762	0.000969
0.10385	0.070826	0.16891	0.656115	0.000299
0.006132	0.079854	0.804762	0.109252	0.0
0.021764	0.762161	0.059553	0.151004	0.005517
0.709381	0.048038	0.142276	0.099894	0.000411

MOTIF 49_2.793
letter-probability matrix: alength= 5 w= 10 nsites= 165 score= 2.793
0.042924	0.217072	0.701878	0.031018	0.007108
0.805849	0.062118	0.11182	0.020213	0.0
0.134205	0.068151	0.739194	0.027495	0.030955
0.014391	0.101034	0.836001	0.046757	0.001817
0.877872	0.025391	0.050426	0.040501	0.00581
0.087656	0.025682	0.868125	0.014076	0.004461
0.053026	0.079474	0.860567	0.00621	0.000724
0.621532	0.063436	0.16254	0.141387	0.011104
0.322492	0.333833	0.006874	0.336259	0.000542
0.736058	0.039005	0.000762	0.084974	0.139202

