MEME version 4.5 - modified
ALPHABET= ACGTE 
strands: + 
Background letter frequencies
A 0.295 C 0.205 G 0.205 T 0.295 E 0.0076

MOTIF 0_37.201
letter-probability matrix: alength= 5 w= 9 nsites= 285 score= 37.201
0.114491	0.453746	0.240047	0.188201	0.003515
0.048692	0.141161	0.762214	0.047933	0.0
0.065209	0.746304	0.127379	0.060436	0.000673
0.191414	0.625857	0.158538	0.024119	7.1e-05
0.031135	0.186739	0.08873	0.693021	0.000375
0.007281	0.125745	0.866138	0.000835	0.0
0.002981	0.951958	0.024799	0.013087	0.007174
0.004398	0.042544	0.931397	0.021662	0.0
0.006312	0.939526	0.020276	0.032984	0.000902

MOTIF 1_33.645
letter-probability matrix: alength= 5 w= 8 nsites= 119 score= 33.645
0.102458	0.67777	0.13185	0.087572	0.00035
0.260787	0.547594	0.15312	0.038499	0.0
0.027011	0.129801	0.106748	0.735418	0.001022
0.01302	0.027835	0.957295	0.00185	0.0
0.003669	0.975833	0.006804	0.003862	0.009832
0.001355	0.000945	0.994158	0.003542	0.0
0.000503	0.94145	0.028943	0.028917	0.000187
0.664651	0.079061	0.217912	0.038375	0.0

MOTIF 2_27.541
letter-probability matrix: alength= 5 w= 10 nsites= 204 score= 27.541
0.122199	0.601974	0.210073	0.065754	0.0
0.038986	0.666352	0.212228	0.082434	0.0
0.484337	0.121667	0.2872	0.106797	0.0
0.021722	0.716059	0.159924	0.102295	0.0
0.027649	0.077473	0.034754	0.86006	6.3e-05
0.024691	0.18369	0.014273	0.777346	0.0
0.018973	0.970047	0.002228	0.008753	0.0
6.9e-05	0.971495	0.018612	0.008908	0.000916
0.00977	0.114404	0.82851	0.047317	0.0
0.016292	0.093419	0.838011	0.052278	0.0

MOTIF 3_26.258
letter-probability matrix: alength= 5 w= 13 nsites= 638 score= 26.258
0.177015	0.289745	0.246165	0.286775	0.000299
0.206378	0.323284	0.364379	0.10596	0.0
0.047248	0.842784	0.03955	0.069661	0.000756
0.052057	0.705481	0.147848	0.094547	6.6e-05
0.053059	0.714335	0.203478	0.029103	2.4e-05
0.030961	0.882065	0.077384	0.007889	0.001702
0.041414	0.054247	0.79766	0.106599	8e-05
0.004183	0.906076	0.06955	0.020044	0.000146
0.027194	0.850455	0.080448	0.041695	0.000209
0.023076	0.806394	0.052284	0.11823	1.6e-05
0.130467	0.422844	0.11226	0.331298	0.003132
0.053699	0.484612	0.328435	0.133014	0.00024
0.15678	0.496904	0.212325	0.131621	0.00237

MOTIF 4_24.644
letter-probability matrix: alength= 5 w= 8 nsites= 61 score= 24.644
0.363159	0.607345	0.029496	0.0	0.0
0.045323	0.140779	0.172775	0.639876	0.001247
0.009168	0.045362	0.945471	0.0	0.0
0.009663	0.958692	0.016261	0.006662	0.008723
0.006583	0.002266	0.983119	0.008031	0.0
0.00082	0.953532	0.032965	0.011716	0.000967
0.763183	0.077394	0.138078	0.020787	0.000558
0.100715	0.235364	0.649211	0.014212	0.000498

MOTIF 5_20.942
letter-probability matrix: alength= 5 w= 10 nsites= 114 score= 20.942
0.234098	0.468618	0.293687	0.003597	0.0
0.76178	0.176547	0.057718	0.003692	0.000262
0.017274	0.004176	0.913655	0.06486	3.5e-05
0.016538	0.133504	0.829167	0.020452	0.000338
0.358639	0.085596	0.474999	0.078243	0.002523
0.022365	0.007681	0.965071	0.004883	0.0
0.1142	0.832305	0.010985	0.040421	0.002088
0.023415	0.064969	0.894561	0.016798	0.000257
0.002191	0.083791	0.900432	0.013586	0.0
0.414446	0.553703	0.0	0.02843	0.003421

MOTIF 6_20.52
letter-probability matrix: alength= 5 w= 8 nsites= 52 score= 20.52
0.303229	0.020096	0.551845	0.124829	0.0
0.042824	0.896772	0.027298	0.004315	0.028791
0.185192	0.011826	0.80275	0.000232	0.0
0.002783	0.938825	0.023487	0.012932	0.021972
0.03332	0.002161	0.66715	0.297369	0.0
0.013135	0.940726	0.027762	0.015755	0.002623
0.800177	0.123286	0.010656	0.065881	0.0
0.026096	0.852316	0.04408	0.076988	0.00052

MOTIF 7_20.003
letter-probability matrix: alength= 5 w= 10 nsites= 199 score= 20.003
0.187581	0.507812	0.220527	0.06855	0.015529
0.079376	0.065524	0.849982	0.005118	0.0
0.06844	0.780537	0.071336	0.079521	0.000166
0.623435	0.099413	0.170062	0.105062	0.002028
0.020056	0.069196	0.888191	0.022557	0.0
0.116108	0.785265	0.051212	0.046924	0.00049
0.106183	0.854673	0.009971	0.020247	0.008925
0.073624	0.060249	0.787134	0.078993	0.0
0.016472	0.94532	0.027421	0.009906	0.000881
0.158582	0.34299	0.431082	0.067346	0.0

MOTIF 8_19.342
letter-probability matrix: alength= 5 w= 8 nsites= 51 score= 19.342
0.013389	0.919993	0.059229	0.005769	0.001619
0.813469	0.002491	0.154298	0.029742	0.0
0.057988	0.853671	0.05077	0.025328	0.012243
0.145732	0.005515	0.843834	0.00492	0.0
0.0	0.714228	0.013952	0.252274	0.019546
0.189042	0.005944	0.799748	0.005266	0.0
0.042209	0.843326	0.039285	0.057416	0.017765
0.030908	0.009412	0.807474	0.152206	0.0

MOTIF 9_19.333
letter-probability matrix: alength= 5 w= 9 nsites= 42 score= 19.333
0.441287	0.530624	0.00785	0.020239	0.0
0.236575	0.081634	0.575754	0.10132	0.004717
0.035627	0.043762	0.92061	0.0	0.0
0.048158	0.71446	0.000501	0.235499	0.001383
0.0	0.0	1.0	0.0	0.0
0.000237	0.984635	0.014059	0.0	0.001069
0.047021	0.03538	0.87962	0.037978	0.0
0.016595	0.858183	0.0	0.124527	0.000696
0.562119	0.0	0.271095	0.166785	0.0

MOTIF 10_18.928
letter-probability matrix: alength= 5 w= 8 nsites= 67 score= 18.928
0.840554	0.096407	0.044258	0.018781	0.0
0.023594	0.923267	0.041724	0.010893	0.000523
0.0	0.06063	0.939174	0.000196	0.0
0.021037	0.01657	0.012848	0.949544	0.0
0.065345	0.266776	0.65576	0.012119	0.0
0.864858	0.0	0.113725	0.020673	0.000743
0.025504	0.759215	0.114617	0.100663	0.0
0.079414	0.572945	0.221955	0.125686	0.0

MOTIF 11_18.458
letter-probability matrix: alength= 5 w= 9 nsites= 127 score= 18.458
0.174891	0.397458	0.231257	0.196395	0.0
0.136503	0.693956	0.04836	0.121181	0.0
0.06843	0.812447	0.077028	0.042095	0.0
0.041871	0.724849	0.184571	0.047795	0.000915
0.082178	0.022887	0.891505	0.00321	0.00022
0.0	0.007154	0.987106	0.005741	0.0
0.832683	0.038874	0.07549	0.052953	0.0
0.656962	0.121259	0.206925	0.013689	0.001165
0.213537	0.0583	0.698622	0.029542	0.0

MOTIF 12_18.339
letter-probability matrix: alength= 5 w= 9 nsites= 96 score= 18.339
0.007671	0.837811	0.069174	0.085344	0.0
0.008778	0.021056	0.004126	0.96604	0.0
0.043918	0.699082	0.0	0.256748	0.000253
0.013407	0.963044	0.014986	0.008563	0.0
0.021133	0.900319	0.062888	0.015274	0.000386
0.017444	0.04638	0.911979	0.024197	0.0
0.01357	0.454207	0.486088	0.046135	0.0
0.168769	0.607471	0.088906	0.13377	0.001084
0.229994	0.0	0.570359	0.199648	0.0

MOTIF 13_18.063
letter-probability matrix: alength= 5 w= 8 nsites= 76 score= 18.063
0.642264	0.131139	0.133747	0.091888	0.000963
0.115723	0.018862	0.848008	0.017295	0.000112
0.142519	0.047378	0.563373	0.246232	0.000497
0.094709	0.595029	0.011496	0.298766	0.0
0.0191	0.91426	0.003171	0.063469	0.0
0.106915	0.837887	0.039846	0.015245	0.000107
0.038304	0.890515	0.06305	0.006423	0.001707
0.006414	0.007471	0.982208	0.003907	0.0

MOTIF 14_18.042
letter-probability matrix: alength= 5 w= 9 nsites= 62 score= 18.042
0.000288	0.969713	0.0	0.012689	0.01731
0.024644	0.033801	0.923364	0.018191	0.0
0.003884	0.949273	0.015521	0.002314	0.029008
0.002282	0.01155	0.799377	0.186791	0.0
0.034988	0.735948	0.032745	0.191226	0.005092
0.804903	0.044408	0.016652	0.134038	0.0
0.072337	0.751255	0.040802	0.134927	0.000679
0.711685	0.096456	0.034178	0.157681	0.0
0.073548	0.311808	0.326265	0.288379	0.0

MOTIF 15_17.171
letter-probability matrix: alength= 5 w= 8 nsites= 77 score= 17.171
0.061857	0.731571	0.13451	0.072062	0.0
0.724903	0.142825	0.120189	0.012084	0.0
0.02135	0.870812	0.100782	0.006853	0.000203
0.007439	0.047782	0.944152	0.000627	0.0
0.031216	0.035333	0.092153	0.840344	0.000954
0.049413	0.189776	0.7512	0.009611	0.0
0.793463	0.018942	0.14351	0.044022	6.3e-05
0.028894	0.853646	0.035053	0.082406	0.0

MOTIF 16_17.162
letter-probability matrix: alength= 5 w= 10 nsites= 65 score= 17.162
0.138463	0.266927	0.213629	0.37975	0.001231
0.082258	0.128588	0.770084	0.01907	0.0
0.808889	0.016086	0.164159	0.010866	0.0
0.008176	0.901547	0.020073	0.065337	0.004867
0.004636	0.079908	0.902451	0.013005	0.0
0.018838	0.249229	0.038237	0.693695	0.0
0.119475	0.826163	0.03964	0.014722	0.0
0.930946	0.034826	0.019841	0.014387	0.0
0.09169	0.0	0.871185	0.037125	0.0
0.157717	0.103092	0.710195	0.028996	0.0

MOTIF 17_17.144
letter-probability matrix: alength= 5 w= 8 nsites= 28 score= 17.144
0.748924	0.063181	0.084803	0.103091	0.0
0.023534	0.0	0.101465	0.872386	0.002615
0.0139	0.025782	0.937045	0.023274	0.0
0.0	0.997259	0.000702	0.0	0.002038
0.0	0.0	0.997197	0.002803	0.0
0.004869	0.69076	0.0	0.301323	0.003048
0.017248	0.820862	0.029449	0.132441	0.0
0.256729	0.431926	0.018297	0.293047	0.0

MOTIF 18_16.731
letter-probability matrix: alength= 5 w= 10 nsites= 41 score= 16.731
0.132279	0.83351	0.033335	0.0	0.000876
0.019056	0.0	0.957138	0.023805	0.0
0.0139	0.919501	0.062261	0.002984	0.001354
0.06253	0.002303	0.893751	0.041415	0.0
0.0	0.786138	0.212567	0.000731	0.000564
0.044914	0.403572	0.193852	0.357478	0.000183
0.007701	0.003474	0.916105	0.07272	0.0
0.071987	0.896504	0.0	0.030797	0.000712
0.02813	0.130976	0.119489	0.721405	0.0
0.0	0.0	1.0	0.0	0.0

MOTIF 19_16.527
letter-probability matrix: alength= 5 w= 8 nsites= 50 score= 16.527
0.040899	0.750009	0.052329	0.155981	0.000781
0.05201	0.650889	0.16782	0.129282	0.0
0.785516	0.013959	0.10193	0.098213	0.000382
0.128377	0.043572	0.701446	0.126605	0.0
0.227495	0.015848	0.019646	0.736788	0.000222
0.090468	0.056756	0.844845	0.007932	0.0
0.016767	0.924953	0.042305	0.00086	0.015116
0.0	0.016942	0.982953	0.000105	0.0

MOTIF 20_16.405
letter-probability matrix: alength= 5 w= 10 nsites= 151 score= 16.405
0.153399	0.624004	0.000838	0.22176	0.0
0.031155	0.922981	0.017218	0.028646	0.0
0.050977	0.774879	0.136191	0.037765	0.000187
0.106596	0.026377	0.798423	0.068604	0.0
0.084322	0.072167	0.722473	0.121038	0.0
0.174988	0.615275	0.121518	0.088219	0.0
0.048434	0.055691	0.0867	0.809175	0.0
0.012729	0.943541	0.012833	0.030896	0.0
0.000587	0.962355	0.019786	0.017214	5.8e-05
0.21203	0.207266	0.279699	0.301005	0.0

MOTIF 21_16.273
letter-probability matrix: alength= 5 w= 9 nsites= 52 score= 16.273
0.809277	0.045817	0.110324	0.031827	0.002755
0.061552	0.0	0.805575	0.132874	0.0
0.086364	0.011124	0.02536	0.877152	0.0
0.201196	0.758018	0.001649	0.039137	0.0
0.039677	0.635651	0.01469	0.309982	0.0
0.029591	0.866882	0.059168	0.038478	0.005881
0.084695	0.07569	0.763836	0.075778	0.0
0.113902	0.865261	0.018442	0.001267	0.001128
0.0	0.097732	0.812509	0.089759	0.0

MOTIF 22_15.683
letter-probability matrix: alength= 5 w= 9 nsites= 45 score= 15.683
0.013518	0.0	0.0	0.983413	0.003068
0.011274	0.05402	0.910515	0.024191	0.0
0.015086	0.9499	0.024297	0.009771	0.000946
0.016514	0.0	0.934311	0.049175	0.0
0.127449	0.63535	0.0	0.230833	0.006368
0.009361	0.265496	0.641175	0.082979	0.000989
0.090725	0.0	0.000989	0.908287	0.0
0.037338	0.665927	0.029349	0.267386	0.0
0.054734	0.869774	0.0	0.075492	0.0

MOTIF 23_15.517
letter-probability matrix: alength= 5 w= 8 nsites= 71 score= 15.517
0.039466	0.244145	0.632836	0.083553	0.0
0.032219	0.926179	0.01844	0.022725	0.000437
0.094503	0.0	0.878041	0.02646	0.000996
0.055701	0.049798	0.882638	0.011864	0.0
0.099757	0.006494	0.734026	0.159723	0.0
0.245137	0.008576	0.723617	0.022669	0.0
0.834625	0.085699	0.032811	0.046574	0.00029
0.27153	0.594592	0.054294	0.079584	0.0

MOTIF 24_15.498
letter-probability matrix: alength= 5 w= 10 nsites= 47 score= 15.498
0.507413	0.492587	0.0	0.0	0.0
0.056802	0.84464	0.098559	0.0	0.0
0.055944	0.018373	0.902478	0.021523	0.001682
0.0	0.285934	0.693961	0.020105	0.0
0.251725	0.644193	0.077642	0.026441	0.0
0.154576	0.781554	0.024686	0.031425	0.007759
0.0	0.013279	0.942336	0.044385	0.0
0.0	0.0	0.953386	0.046614	0.0
0.9724	0.0	0.0	0.0276	0.0
0.417428	0.381529	0.0	0.198197	0.002846

MOTIF 25_15.462
letter-probability matrix: alength= 5 w= 9 nsites= 25 score= 15.462
0.918808	0.0	0.040866	0.040326	0.0
0.229804	0.139062	0.529722	0.101411	0.0
0.070817	0.0	0.087104	0.842079	0.0
0.195325	0.044011	0.74878	0.011885	0.0
0.001055	0.992983	0.004811	0.0	0.001151
0.0	0.011726	0.985726	0.002547	0.0
0.002548	0.631088	0.097706	0.268658	0.0
0.023026	0.976974	0.0	0.0	0.0
0.583287	0.029738	0.0	0.386975	0.0

MOTIF 26_14.84
letter-probability matrix: alength= 5 w= 8 nsites= 44 score= 14.84
0.026025	0.109935	0.863549	0.0	0.000491
0.091321	0.737237	0.122072	0.043167	0.006203
0.004226	0.020033	0.915331	0.06041	0.0
0.019979	0.0	0.041493	0.938528	0.0
0.006725	0.629682	0.0	0.363593	0.0
0.052076	0.899261	0.014055	0.034607	0.0
0.038167	0.875685	0.038802	0.047346	0.0
0.004182	0.612351	0.181021	0.202446	0.0

MOTIF 27_14.679
letter-probability matrix: alength= 5 w= 9 nsites= 45 score= 14.679
0.234783	0.0	0.727918	0.037299	0.0
0.799874	0.047556	0.030268	0.121132	0.00117
0.18398	0.047366	0.723516	0.045137	0.0
0.763463	0.0	0.222954	0.013583	0.0
0.095546	0.060563	0.132055	0.711836	0.0
0.20947	0.005455	0.776797	0.007742	0.000536
0.156124	0.005116	0.787031	0.05173	0.0
0.012731	0.98086	0.0	0.005622	0.000787
0.002331	0.0	0.997669	0.0	0.0

MOTIF 28_14.319
letter-probability matrix: alength= 5 w= 8 nsites= 24 score= 14.319
0.134126	0.0	0.865874	0.0	0.0
0.0	0.995529	0.0	0.003435	0.001036
0.0	0.258323	0.74073	0.000946	0.0
0.010957	0.931372	0.035145	0.022525	0.0
0.82809	0.09154	0.0	0.08037	0.0
0.190179	0.470933	0.019429	0.319459	0.0
0.0	0.049865	0.070721	0.879414	0.0
0.674546	0.032057	0.179234	0.114163	0.0

MOTIF 29_13.962
letter-probability matrix: alength= 5 w= 9 nsites= 31 score= 13.962
0.926012	0.0	0.0	0.073988	0.0
0.772464	0.056676	0.0	0.170861	0.0
0.030798	0.930491	0.0	0.038711	0.0
0.406783	0.085201	0.006433	0.501583	0.0
0.03572	0.868041	0.07075	0.005043	0.020447
0.307281	0.0	0.692719	0.0	0.0
0.0	0.977063	0.0	0.017992	0.004945
0.0	0.0	0.904596	0.095404	0.0
0.0	0.939641	0.042464	0.013918	0.003978

MOTIF 30_13.385
letter-probability matrix: alength= 5 w= 8 nsites= 33 score= 13.385
0.034643	0.922911	0.0	0.041608	0.000838
0.007652	0.873555	0.043492	0.075301	0.0
0.200278	0.00159	0.514953	0.281289	0.00189
0.175504	0.798878	0.00189	0.020026	0.003702
0.099053	0.028461	0.743127	0.123462	0.005897
0.00332	0.00189	0.974217	0.020573	0.0
0.034894	0.933474	0.002618	0.02823	0.000782
0.000489	0.042093	0.757146	0.200272	0.0

MOTIF 31_13.353
letter-probability matrix: alength= 5 w= 8 nsites= 39 score= 13.353
0.891074	0.066958	0.041968	0.0	0.0
0.051904	0.102607	0.0	0.8341	0.011388
0.015194	0.031039	0.928369	0.025022	0.000377
0.138705	0.0	0.83312	0.028175	0.0
0.125935	0.852804	0.009531	0.011266	0.000464
0.023164	0.050305	0.926531	0.0	0.0
0.161711	0.032195	0.504814	0.30128	0.0
0.039738	0.854733	0.031812	0.072581	0.001137

MOTIF 32_13.092
letter-probability matrix: alength= 5 w= 8 nsites= 32 score= 13.092
0.049346	0.64476	0.193468	0.110123	0.002301
0.042983	0.790856	0.068137	0.098023	0.0
0.867351	0.031326	0.072987	0.028336	0.0
0.0	0.846281	0.153719	0.0	0.0
0.0	0.037399	0.962601	0.0	0.0
0.015355	0.0	0.0	0.981907	0.002738
0.046855	0.064375	0.826153	0.062617	0.0
0.773448	0.070676	0.090636	0.064748	0.000492

MOTIF 33_13.057
letter-probability matrix: alength= 5 w= 8 nsites= 27 score= 13.057
0.0	0.899984	0.001079	0.069617	0.02932
0.00471	0.009849	0.985441	0.0	0.0
0.0	0.775845	0.018713	0.204487	0.000955
0.75978	0.036302	0.142782	0.051187	0.009949
0.072179	0.015141	0.665543	0.247137	0.0
0.200114	0.7059	0.014236	0.078587	0.001164
0.068609	0.0	0.080409	0.84805	0.002932
0.000756	0.912733	0.046354	0.040157	0.0

MOTIF 34_12.741
letter-probability matrix: alength= 5 w= 9 nsites= 59 score= 12.741
0.602715	0.033533	0.291388	0.072364	0.0
0.065042	0.869722	0.039589	0.025647	0.0
0.147033	0.051934	0.708972	0.092061	0.0
0.230147	0.452002	0.102083	0.215768	0.0
0.019706	0.016441	0.945322	0.018531	0.0
0.013959	0.041189	0.920904	0.023948	0.0
0.893922	0.0	0.036819	0.069259	0.0
0.072739	0.003979	0.89938	0.023902	0.0
0.761614	0.03639	0.170265	0.031731	0.0

MOTIF 35_12.524
letter-probability matrix: alength= 5 w= 9 nsites= 42 score= 12.524
0.18637	0.793635	0.015557	0.004438	0.0
0.003964	0.949107	0.04073	0.005481	0.000717
0.109568	0.021313	0.70487	0.164249	0.0
0.005841	0.940202	0.011341	0.042616	0.0
0.0393	0.879301	0.055539	0.025597	0.000263
0.041575	0.216968	0.025203	0.716254	0.0
0.131845	0.001589	0.702834	0.163731	0.0
0.009044	0.963643	0.022386	0.004608	0.000319
0.434193	0.464821	0.0	0.096618	0.004369

MOTIF 36_12.387
letter-probability matrix: alength= 5 w= 9 nsites= 20 score= 12.387
0.737635	0.204063	0.0	0.058302	0.0
0.49886	0.033016	0.197241	0.270883	0.0
0.013616	0.921513	0.046205	0.018667	0.0
0.974592	0.0	0.0	0.025408	0.0
0.006255	0.008606	0.962929	0.02221	0.0
0.009751	0.985954	0.0	0.004295	0.0
0.0	0.0	1.0	0.0	0.0
0.047803	0.796775	0.0	0.152041	0.003381
0.0	0.992911	0.007089	0.0	0.0

MOTIF 37_11.612
letter-probability matrix: alength= 5 w= 8 nsites= 20 score= 11.612
0.017093	0.087068	0.39959	0.496249	0.0
0.03569	0.797213	0.001079	0.166018	0.0
0.027882	0.811506	0.017915	0.132521	0.010176
0.091813	0.043253	0.821269	0.042734	0.000931
0.006543	0.0	0.977748	0.015709	0.0
0.858215	0.0	0.103455	0.037645	0.000686
0.018144	0.032722	0.949134	0.0	0.0
0.024073	0.958248	0.0	0.017679	0.0

MOTIF 38_11.298
letter-probability matrix: alength= 5 w= 10 nsites= 39 score= 11.298
0.013066	0.860035	0.11667	0.008723	0.001506
0.912108	0.058156	0.01862	0.010517	0.000599
0.039468	0.010166	0.950366	0.0	0.0
0.744072	0.137207	0.044212	0.074509	0.0
0.31859	0.284676	0.396734	0.0	0.0
0.116866	0.826838	0.043794	0.012503	0.0
0.0	0.913031	0.066318	0.020651	0.0
0.02728	0.013363	0.821181	0.138177	0.0
1.0	0.0	0.0	0.0	0.0
0.060081	0.0	0.939919	0.0	0.0

MOTIF 39_11.002
letter-probability matrix: alength= 5 w= 8 nsites= 37 score= 11.002
0.223609	0.58538	0.138085	0.052926	0.0
0.07794	0.094326	0.822892	0.003903	0.000939
0.095559	0.002348	0.893154	0.008939	0.0
0.773417	0.0	0.02205	0.201513	0.00302
0.029097	0.01443	0.95332	0.002911	0.000243
0.15018	0.017425	0.817994	0.014401	0.0
0.813558	0.050313	0.082534	0.052498	0.001097
0.059012	0.122291	0.818338	0.0	0.000358

MOTIF 40_10.709
letter-probability matrix: alength= 5 w= 8 nsites= 27 score= 10.709
0.054793	0.294991	0.423962	0.224258	0.001996
0.032191	0.0	0.948699	0.019111	0.0
0.019531	0.755045	0.014389	0.204765	0.00627
0.006816	0.002038	0.929446	0.061699	0.0
0.07253	0.0	0.0	0.925432	0.002038
0.009417	0.958591	0.00356	0.028432	0.0
0.107373	0.879421	0.0	0.013206	0.0
0.041228	0.833667	0.0	0.125105	0.0

MOTIF 41_10.676
letter-probability matrix: alength= 5 w= 8 nsites= 25 score= 10.676
0.029156	0.521787	0.069521	0.379536	0.0
0.002207	0.990845	0.0	0.006038	0.00091
0.0	0.076864	0.852841	0.070295	0.0
0.003252	0.701657	0.019319	0.274712	0.00106
0.036323	0.0	0.00106	0.962617	0.0
0.094849	0.78698	0.017897	0.100275	0.0
0.003881	0.105375	0.0	0.890744	0.0
0.225957	0.742172	0.0	0.031871	0.0

MOTIF 42_10.182
letter-probability matrix: alength= 5 w= 8 nsites= 25 score= 10.182
0.049108	0.733317	0.150409	0.067166	0.0
0.240733	0.677754	0.0	0.081512	0.0
0.0007	0.785499	0.126848	0.086953	0.0
0.047708	0.709554	0.235855	0.006884	0.0
0.316291	0.215509	0.452065	0.016136	0.0
0.022473	0.233115	0.727189	0.017223	0.0
0.0	0.0	0.980458	0.019542	0.0
0.747438	0.0	0.216557	0.036005	0.0

MOTIF 43_10.113
letter-probability matrix: alength= 5 w= 8 nsites= 23 score= 10.113
0.038114	0.568944	0.095008	0.297934	0.0
0.016767	0.965096	0.0	0.018138	0.0
0.133518	0.784747	0.043253	0.038482	0.0
0.003963	0.026417	0.961299	0.008321	0.0
0.878039	0.082495	0.0	0.039466	0.0
0.0	0.040488	0.94527	0.014242	0.0
0.024223	0.00867	0.700415	0.266692	0.0
0.035058	0.665107	0.0015	0.298335	0.0

MOTIF 44_10.089
letter-probability matrix: alength= 5 w= 8 nsites= 20 score= 10.089
0.0	0.878951	0.103288	0.017761	0.0
0.001286	0.952795	0.045919	0.0	0.0
0.297976	0.005532	0.662445	0.034047	0.0
0.013505	0.910652	0.075843	0.0	0.0
0.258798	0.488213	0.03432	0.21867	0.0
0.019217	0.022971	0.951298	0.006514	0.0
0.835198	0.0	0.079564	0.080757	0.004481
0.0	0.0	0.983385	0.016615	0.0

MOTIF 45_9.836
letter-probability matrix: alength= 5 w= 8 nsites= 35 score= 9.836
0.015768	0.895136	0.037976	0.05112	0.0
0.052637	0.066373	0.051362	0.829628	0.0
0.015082	0.826559	0.008363	0.147923	0.002073
0.012957	0.113709	0.036737	0.836597	0.0
0.142861	0.842916	0.013736	0.000487	0.0
0.016173	0.864678	0.042873	0.075122	0.001154
0.157105	0.079342	0.736212	0.026384	0.000957
0.019605	0.736511	0.022531	0.221352	0.0

MOTIF 46_9.165
letter-probability matrix: alength= 5 w= 8 nsites= 37 score= 9.165
0.013633	0.042155	0.935804	0.008409	0.0
0.745138	0.080825	0.039212	0.134474	0.000351
0.201823	0.18416	0.610632	0.003386	0.0
0.035716	0.018787	0.888695	0.056802	0.0
0.659414	0.170831	0.136803	0.032951	0.0
0.008959	0.275428	0.715613	0.0	0.0
0.016602	0.005828	0.97757	0.0	0.0
0.881459	0.028379	0.017182	0.070222	0.002757

MOTIF 47_9.16
letter-probability matrix: alength= 5 w= 8 nsites= 25 score= 9.16
0.0	0.027344	0.613966	0.358691	0.0
0.117445	0.62624	0.090604	0.165205	0.000506
0.09879	0.070628	0.830582	0.0	0.0
0.017988	0.0	0.931353	0.050659	0.0
0.988817	0.0	0.0	0.011183	0.0
0.80208	0.04612	0.135839	0.015962	0.0
0.076894	0.857238	0.048079	0.017789	0.0
0.05807	0.916829	0.025102	0.0	0.0

MOTIF 48_8.169
letter-probability matrix: alength= 5 w= 8 nsites= 37 score= 8.169
0.213419	0.678224	0.024649	0.081387	0.002321
0.068104	0.781707	0.126213	0.023976	0.0
0.017758	0.823534	0.050934	0.107509	0.000264
0.422579	0.095956	0.355722	0.125743	0.0
0.002131	0.806586	0.157615	0.03341	0.000259
0.692731	0.095555	0.131176	0.071638	0.008901
0.001019	0.096085	0.898065	0.00483	0.0
0.069381	0.872218	0.032456	0.025945	0.0

MOTIF 49_7.406
letter-probability matrix: alength= 5 w= 8 nsites= 22 score= 7.406
0.0	0.962344	0.0	0.037656	0.0
0.867257	0.0	0.117333	0.01474	0.00067
0.0	0.001536	0.895763	0.100193	0.002507
0.037439	0.0	0.957426	0.005134	0.0
0.39272	0.603904	0.0	0.0	0.003376
0.0131	0.102502	0.877205	0.005757	0.001435
0.0	0.034664	0.614024	0.351312	0.0
0.225649	0.757158	0.017193	0.0	0.0

