MEME version 4.5 - modified
ALPHABET= ACGTE 
strands: + 
Background letter frequencies
A 0.295 C 0.205 G 0.205 T 0.295 E 0.0076

MOTIF 0_39.932
letter-probability matrix: alength= 5 w= 12 nsites= 351 score= 39.932
0.214092	0.192231	0.246579	0.344535	0.002562
0.241453	0.14717	0.302314	0.307721	0.001341
0.603426	0.192187	0.195494	0.00862	0.000273
0.002188	0.001016	0.000995	0.995709	9.2e-05
0.000446	0.002464	0.206974	0.790116	0.0
0.555558	0.00323	0.28369	0.157523	0.0
0.028513	0.079861	0.020164	0.153363	0.718099
0.009233	0.001877	0.987547	0.001343	0.0
0.014125	0.940371	0.000793	0.044662	4.8e-05
0.994616	0.002926	0.001848	0.000609	0.0
0.99474	0.000689	0.002982	0.001589	0.0
0.025094	0.21621	0.139863	0.618559	0.000274

MOTIF 1_30.564
letter-probability matrix: alength= 5 w= 9 nsites= 145 score= 30.564
0.615518	0.051584	0.171686	0.131782	0.029429
0.108741	0.111064	0.631561	0.145295	0.003339
0.802463	0.026204	0.16656	0.004774	0.0
0.012869	0.009988	0.001543	0.975539	6.2e-05
0.004709	0.001838	0.016877	0.976517	5.9e-05
0.013871	0.010414	0.964587	0.011128	0.0
0.005045	0.221851	0.002746	0.099993	0.670366
0.051246	0.003176	0.941325	0.004252	0.0
0.208989	0.401513	0.001916	0.387581	0.0

MOTIF 2_17.815
letter-probability matrix: alength= 5 w= 9 nsites= 88 score= 17.815
0.54489	0.009791	0.261889	0.168604	0.014826
0.109547	0.014684	0.875769	0.0	0.0
0.010964	0.086152	0.02345	0.877313	0.002121
0.006994	0.004178	0.870001	0.118828	0.0
0.037503	0.003461	0.799776	0.15926	0.0
0.01092	0.382799	0.017096	0.008124	0.581062
0.0	0.008256	0.976043	0.015701	0.0
0.016888	0.944502	0.016387	0.022223	0.0
0.872233	0.047087	0.048905	0.031153	0.000622

MOTIF 3_15.34
letter-probability matrix: alength= 5 w= 10 nsites= 76 score= 15.34
0.026402	0.001567	0.97203	0.0	0.0
0.032008	0.885438	0.018031	0.064524	0.0
0.526022	0.013229	0.450056	0.010693	0.0
0.003905	0.974864	0.014881	0.00555	0.0008
0.992294	0.001887	0.002996	0.002823	0.0
0.973395	0.007709	0.013472	0.005425	0.0
0.000421	0.143567	0.030735	0.825277	0.0
0.718684	0.059539	0.174897	0.04688	0.0
0.085475	0.631937	0.256319	0.019536	0.006734
0.058348	0.095359	0.029051	0.680064	0.137179

MOTIF 4_14.637
letter-probability matrix: alength= 5 w= 8 nsites= 22 score= 14.637
0.010039	0.658696	0.081211	0.250054	0.0
0.008046	0.016133	0.005935	0.966294	0.003591
0.315892	0.330662	0.35297	0.000477	0.0
0.001308	0.00467	0.0	0.994021	0.0
0.005914	0.011388	0.024254	0.958444	0.0
0.09909	0.00129	0.874017	0.025603	0.0
0.0	0.301366	0.000209	0.012059	0.686367
0.0	0.0	0.942946	0.057054	0.0

MOTIF 5_14.342
letter-probability matrix: alength= 5 w= 9 nsites= 174 score= 14.342
0.078113	0.097555	0.194418	0.448839	0.181075
0.147127	0.052745	0.779105	0.021023	0.0
0.599121	0.076033	0.0522	0.267301	0.005344
0.075841	0.063615	0.81872	0.041824	0.0
0.810346	0.045737	0.129303	0.014086	0.000528
0.011536	0.042827	0.009953	0.935685	0.0
0.008489	0.008778	0.04882	0.933778	0.000135
0.049903	0.028403	0.913055	0.00864	0.0
0.004578	0.611751	0.007056	0.014595	0.362021

MOTIF 6_13.557
letter-probability matrix: alength= 5 w= 8 nsites= 39 score= 13.557
0.171179	0.067655	0.757162	0.004004	0.0
0.007609	0.057464	0.264532	0.046117	0.624278
0.0	0.0	0.996366	0.003634	0.0
0.0882	0.065232	0.019274	0.827294	0.0
0.889343	0.021842	0.064257	0.024559	0.0
0.961145	0.007327	0.01207	0.019458	0.0
0.020755	0.914424	0.03823	0.010218	0.016374
0.754766	0.184106	0.022853	0.036927	0.001348

MOTIF 7_13.406
letter-probability matrix: alength= 5 w= 9 nsites= 39 score= 13.406
0.0	0.058642	0.854643	0.086716	0.0
0.016295	0.012657	0.966355	0.003879	0.000814
0.288978	0.008682	0.675479	0.026861	0.0
0.139554	0.010872	0.063683	0.78589	0.0
0.011015	0.018315	0.045261	0.92541	0.0
0.041633	0.864226	0.0	0.0	0.094141
0.0	0.012179	0.966464	0.021357	0.0
0.932264	0.032184	0.00515	0.029258	0.001144
0.517234	0.04815	0.164002	0.270613	0.0

MOTIF 8_11.975
letter-probability matrix: alength= 5 w= 8 nsites= 50 score= 11.975
0.611867	0.069356	0.314613	0.004164	0.0
0.023466	0.013316	0.028556	0.933681	0.000981
0.064827	0.010095	0.917765	0.007313	0.0
0.639342	0.004461	0.012311	0.343886	0.0
0.009317	0.115534	0.04206	0.814863	0.018225
0.003348	0.001052	0.979835	0.015765	0.0
0.054892	0.856063	0.009875	0.044855	0.034315
0.91671	0.011941	0.061669	0.008599	0.001082

MOTIF 9_11.488
letter-probability matrix: alength= 5 w= 12 nsites= 552 score= 11.488
0.307759	0.124263	0.415488	0.143339	0.009152
0.058241	0.889657	0.039122	0.012651	0.000329
0.089402	0.743187	0.115582	0.05143	0.000399
0.095914	0.678967	0.153533	0.071429	0.000157
0.041894	0.782732	0.059418	0.09753	0.018426
0.033327	0.051869	0.749875	0.164929	0.0
0.018062	0.923478	0.033025	0.025174	0.000261
0.026296	0.880722	0.04906	0.043012	0.000911
0.112811	0.763913	0.078406	0.044041	0.000829
0.172029	0.430822	0.295698	0.100482	0.000969
0.038647	0.527651	0.257221	0.174253	0.002228
0.135419	0.265529	0.452675	0.146378	0.0

MOTIF 10_11.145
letter-probability matrix: alength= 5 w= 8 nsites= 62 score= 11.145
0.813188	0.050074	0.125464	0.011274	0.0
0.007765	0.101702	0.001459	0.889074	0.0
0.003713	0.019861	0.042943	0.933483	0.0
0.039194	0.005608	0.890062	0.065136	0.0
0.0042	0.875375	0.001351	0.034168	0.084907
0.732558	0.029817	0.213733	0.023892	0.0
0.038898	0.249878	0.036144	0.674919	0.00016
0.202408	0.743394	0.004702	0.049495	0.0

MOTIF 11_10.733
letter-probability matrix: alength= 5 w= 9 nsites= 190 score= 10.733
0.21738	0.358916	0.185241	0.221394	0.017069
0.219155	0.028845	0.669111	0.082889	0.0
0.624492	0.127354	0.244554	0.0036	0.0
0.022206	0.015011	0.063519	0.897729	0.001535
0.023688	0.036721	0.91266	0.026931	0.0
0.708949	0.117677	0.030931	0.142443	0.0
0.014845	0.114613	0.041381	0.782	0.04716
0.001472	0.000508	0.98842	0.009499	0.000101
0.040687	0.91054	0.014551	0.026508	0.007714

MOTIF 12_10.594
letter-probability matrix: alength= 5 w= 8 nsites= 20 score= 10.594
0.575857	0.002112	0.422031	0.0	0.0
0.143156	0.179986	0.0	0.010317	0.66654
0.0	0.0	1.0	0.0	0.0
0.114804	0.836003	0.004353	0.04484	0.0
0.943346	0.035415	0.012263	0.006399	0.002577
0.917603	0.0	0.067076	0.007295	0.008026
0.014185	0.037949	0.942224	0.005642	0.0
0.845462	0.04783	0.056773	0.049935	0.0

MOTIF 13_8.995
letter-probability matrix: alength= 5 w= 9 nsites= 50 score= 8.995
0.006468	0.533695	0.426511	0.033326	0.0
0.794676	0.004793	0.101322	0.094489	0.00472
0.207193	0.046094	0.744458	0.002255	0.0
0.060944	0.02006	0.00471	0.914286	0.0
0.000421	0.109975	0.022905	0.866699	0.0
0.05742	0.002227	0.748545	0.191808	0.0
0.071661	0.118751	0.015529	0.412761	0.381298
0.002101	0.052327	0.937036	0.008535	0.0
0.065876	0.934124	0.0	0.0	0.0

MOTIF 14_8.742
letter-probability matrix: alength= 5 w= 9 nsites= 111 score= 8.742
0.971823	0.01872	0.003138	0.005606	0.000713
0.722082	0.142833	0.100639	0.034446	0.0
0.016774	0.045337	0.011108	0.92678	0.0
0.018325	0.963145	0.01093	0.006536	0.001064
0.089678	0.136216	0.019096	0.755011	0.0
0.009297	0.347221	0.028292	0.040081	0.575109
0.135635	0.033259	0.798254	0.031898	0.000955
0.017197	0.021218	0.940679	0.014142	0.006764
0.021717	0.648721	0.299583	0.029979	0.0

MOTIF 15_8.228
letter-probability matrix: alength= 5 w= 10 nsites= 246 score= 8.228
0.023102	0.909067	0.042491	0.025096	0.000243
0.093742	0.329598	0.202587	0.138316	0.235757
0.094675	0.024515	0.799455	0.081355	0.0
0.062185	0.777754	0.085675	0.072024	0.002361
0.012212	0.830512	0.066792	0.089839	0.000646
0.042688	0.069246	0.038669	0.837189	0.012209
0.012126	0.866378	0.098455	0.020667	0.002374
0.043762	0.743383	0.085091	0.124132	0.003632
0.291729	0.125005	0.160925	0.373114	0.049227
0.18309	0.033261	0.668155	0.113208	0.002286

MOTIF 16_7.77
letter-probability matrix: alength= 5 w= 10 nsites= 417 score= 7.77
0.167796	0.402246	0.191806	0.237417	0.000736
0.039941	0.364176	0.253872	0.253986	0.088026
0.053673	0.725064	0.198406	0.021434	0.001422
0.057559	0.108243	0.029843	0.803483	0.000871
0.011564	0.875862	0.069309	0.038311	0.004954
0.578229	0.213453	0.088485	0.119772	6.1e-05
0.004243	0.929505	0.038848	0.021779	0.005625
0.09335	0.146804	0.02951	0.724152	0.006185
0.019463	0.097678	0.836462	0.046278	0.000119
0.015135	0.85093	0.048902	0.072701	0.012332

MOTIF 17_6.821
letter-probability matrix: alength= 5 w= 8 nsites= 39 score= 6.821
0.631448	0.056282	0.301742	0.010528	0.0
0.028886	0.021298	0.016692	0.933124	0.0
0.001161	0.002114	0.996725	0.0	0.0
0.019863	0.968353	0.006711	0.004586	0.000487
0.990187	0.0	0.004757	0.005056	0.0
0.885033	0.000507	0.015149	0.099311	0.0
0.060567	0.061086	0.020293	0.858053	0.0
0.306198	0.523359	0.051656	0.101284	0.017504

MOTIF 18_6.311
letter-probability matrix: alength= 5 w= 8 nsites= 50 score= 6.311
0.046212	0.053176	0.018374	0.878502	0.003736
0.061035	0.059765	0.8792	0.0	0.0
0.033279	0.024083	0.047509	0.895129	0.0
0.009235	0.126788	0.055381	0.808596	0.0
0.037687	0.01149	0.876464	0.074359	0.0
0.007673	0.646631	0.018691	0.060089	0.266917
0.501991	0.105722	0.362017	0.030062	0.000208
0.673011	0.273395	0.016526	0.037068	0.0

MOTIF 19_5.77
letter-probability matrix: alength= 5 w= 11 nsites= 259 score= 5.77
0.173589	0.082781	0.559241	0.184389	0.0
0.27884	0.461859	0.161202	0.098099	0.0
0.226667	0.239753	0.200942	0.321772	0.010866
0.037756	0.774206	0.098798	0.088719	0.00052
0.073056	0.72704	0.026627	0.157296	0.01598
0.056572	0.032194	0.060571	0.811062	0.039602
0.074651	0.720938	0.073738	0.122437	0.008236
0.021835	0.898598	0.016869	0.059564	0.003135
0.022562	0.69855	0.173929	0.09757	0.00739
0.029618	0.072713	0.15794	0.739729	0.0
0.0159	0.881941	0.052607	0.038743	0.010808

MOTIF 20_5.698
letter-probability matrix: alength= 5 w= 10 nsites= 165 score= 5.698
0.021582	0.841218	0.032654	0.104546	0.0
0.052268	0.156601	0.093798	0.696936	0.000397
0.042988	0.805164	0.116983	0.034058	0.000806
0.011792	0.928452	0.019047	0.038668	0.00204
0.595665	0.182677	0.062469	0.101974	0.057215
0.054611	0.108445	0.809743	0.026347	0.000854
0.052795	0.781684	0.128208	0.037151	0.000163
0.031765	0.836173	0.07028	0.061389	0.000393
0.0	1.0	0.0	0.0	0.0
0.921276	0.050245	0.0	0.014355	0.014123

MOTIF 21_5.641
letter-probability matrix: alength= 5 w= 10 nsites= 133 score= 5.641
0.007345	0.320827	0.618703	0.010609	0.042517
0.019443	0.006161	0.974396	0.0	0.0
0.01526	0.300645	0.062452	0.469376	0.152268
0.067966	0.051757	0.855137	0.024119	0.00102
0.657524	0.039122	0.212109	0.091246	0.0
0.032855	0.887867	0.036853	0.036002	0.006423
0.759139	0.04492	0.127371	0.066348	0.002221
0.021593	0.022784	0.907393	0.04823	0.0
0.756505	0.10405	0.091239	0.025745	0.022461
0.019517	0.118534	0.853233	0.008716	0.0

MOTIF 22_5.509
letter-probability matrix: alength= 5 w= 11 nsites= 184 score= 5.509
0.222971	0.220597	0.004325	0.406634	0.145473
0.534458	0.028013	0.431234	0.006296	0.0
0.140905	0.547483	0.036	0.274895	0.000717
0.112852	0.801548	0.065667	0.01538	0.004553
0.857578	0.041389	0.025896	0.074562	0.000575
0.027633	0.843358	0.071259	0.056579	0.001172
0.012178	0.841287	0.055178	0.090195	0.001162
0.78061	0.089862	0.039176	0.090352	0.0
0.02683	0.406773	0.114723	0.0353	0.416375
0.061683	0.0	0.938317	0.0	0.0
0.262487	0.423809	0.065474	0.24823	0.0

MOTIF 23_5.432
letter-probability matrix: alength= 5 w= 9 nsites= 141 score= 5.432
0.028769	0.059283	0.904067	0.007881	0.0
0.83387	0.056938	0.086317	0.019646	0.003229
0.062694	0.020831	0.89766	0.009718	0.009096
0.16103	0.016806	0.803313	0.018851	0.0
0.287229	0.327055	0.092264	0.008939	0.284514
0.069497	0.050987	0.84266	0.036856	0.0
0.023154	0.002496	0.945746	0.028603	0.0
0.832743	0.074018	0.075119	0.016421	0.0017
0.083934	0.079444	0.81982	0.010067	0.006736

MOTIF 24_5.249
letter-probability matrix: alength= 5 w= 11 nsites= 141 score= 5.249
0.396095	0.489942	0.02708	0.086883	0.0
0.843201	0.072872	0.062094	0.021832	0.0
0.012475	0.931033	0.037156	0.019336	0.0
0.841422	0.031082	0.050488	0.075718	0.001291
0.079794	0.021296	0.882879	0.015025	0.001006
0.706005	0.207819	0.063872	0.014662	0.007642
0.045817	0.030484	0.905101	0.018598	0.0
0.037947	0.848888	0.062081	0.025871	0.025212
0.289685	0.3726	0.282438	0.055277	0.0
0.052915	0.400713	0.400101	0.135988	0.010283
0.0	0.686054	0.298813	0.012853	0.00228

MOTIF 25_5.191
letter-probability matrix: alength= 5 w= 9 nsites= 90 score= 5.191
0.062402	0.313346	0.586397	0.033855	0.004001
0.034512	0.860374	0.021505	0.063946	0.019664
0.061082	0.083583	0.038918	0.311055	0.505361
0.022886	0.004646	0.956267	0.016201	0.0
0.799581	0.020858	0.104264	0.066377	0.008919
0.039268	0.044304	0.908011	0.008417	0.0
0.017734	0.03075	0.049515	0.902	0.0
0.917429	0.012068	0.032413	0.038091	0.0
0.069416	0.070166	0.848195	0.010054	0.002169

MOTIF 26_4.957
letter-probability matrix: alength= 5 w= 8 nsites= 96 score= 4.957
0.692636	0.103281	0.160909	0.03886	0.004315
0.033735	0.076153	0.85941	0.030399	0.000304
0.01061	0.146217	0.830556	0.012617	0.0
0.01467	0.807203	0.124131	0.044852	0.009143
0.072318	0.05636	0.212978	0.657149	0.001194
0.01533	0.01542	0.960156	0.005157	0.003937
0.045525	0.174053	0.738139	0.039288	0.002995
0.67309	0.038474	0.246605	0.038987	0.002844

MOTIF 27_4.891
letter-probability matrix: alength= 5 w= 8 nsites= 29 score= 4.891
0.164054	0.127545	0.700145	0.008257	0.0
0.0	0.034802	0.010332	0.954866	0.0
0.113479	0.028399	0.020124	0.837998	0.0
0.22793	0.000854	0.44737	0.323845	0.0
0.0	0.996909	0.0	0.003091	0.0
0.820197	0.061588	0.043257	0.074958	0.0
0.004762	0.929907	0.054026	0.009527	0.001777
0.977048	0.003653	0.01875	0.000548	0.0

MOTIF 28_4.783
letter-probability matrix: alength= 5 w= 9 nsites= 57 score= 4.783
0.905979	0.029179	0.052816	0.012026	0.0
0.043401	0.008199	0.885175	0.063225	0.0
0.839744	0.001756	0.122841	0.008071	0.027588
0.131679	0.03007	0.816762	0.021488	0.0
0.043991	0.307939	0.098925	0.021721	0.527424
0.048758	0.013518	0.924845	0.012879	0.0
0.866694	0.037605	0.005804	0.059697	0.0302
0.064011	0.014389	0.902547	0.019053	0.0
0.344167	0.092238	0.317159	0.246436	0.0

MOTIF 29_4.58
letter-probability matrix: alength= 5 w= 11 nsites= 156 score= 4.58
0.284781	0.598071	0.034443	0.070352	0.012354
0.049459	0.029036	0.538961	0.381552	0.000992
0.010926	0.915435	0.067858	0.00544	0.000341
0.048556	0.064355	0.029974	0.855815	0.0013
0.005054	0.10854	0.816815	0.067632	0.001958
0.042805	0.058329	0.205924	0.692943	0.0
0.009494	0.48683	0.262462	0.203269	0.037945
0.010745	0.024604	0.162413	0.802238	0.0
0.0022	0.80564	0.021841	0.166551	0.003767
0.75733	0.122617	0.05195	0.068103	0.0
0.101021	0.113002	0.002862	0.231816	0.551299

MOTIF 30_4.564
letter-probability matrix: alength= 5 w= 10 nsites= 38 score= 4.564
0.089681	0.019281	0.121714	0.755196	0.014127
0.020213	0.0	0.94311	0.036677	0.0
0.838553	0.0	0.154529	0.006918	0.0
0.005391	0.269868	0.620777	0.102014	0.00195
0.000431	0.0	0.992485	0.007084	0.0
0.804936	0.034159	0.049316	0.111589	0.0
0.95411	0.038584	0.002829	0.004477	0.0
0.964197	0.006704	0.022315	0.006783	0.0
0.119887	0.360876	0.471127	0.04811	0.0
0.090927	0.0	0.130192	0.778881	0.0

MOTIF 31_4.544
letter-probability matrix: alength= 5 w= 9 nsites= 124 score= 4.544
0.023696	0.953994	0.01404	0.007221	0.001049
0.109126	0.124637	0.034981	0.724397	0.006858
0.038378	0.309176	0.20244	0.03229	0.417717
0.068059	0.070865	0.765704	0.095373	0.0
0.046163	0.010522	0.885733	0.057582	0.0
0.010825	0.847957	0.074883	0.06196	0.004375
0.029441	0.019598	0.011304	0.93919	0.000467
0.070857	0.769764	0.051846	0.098012	0.009521
0.457896	0.420049	0.021135	0.084878	0.016043

MOTIF 32_4.507
letter-probability matrix: alength= 5 w= 9 nsites= 103 score= 4.507
0.855938	0.016258	0.079993	0.047811	0.0
0.002953	0.959582	0.001811	0.035009	0.000644
0.072954	0.031462	0.019183	0.854864	0.021537
0.046696	0.021894	0.91274	0.01867	0.0
0.054295	0.917567	0.014844	0.011652	0.001642
0.575422	0.122156	0.278344	0.022997	0.001082
0.061344	0.687649	0.144767	0.106069	0.00017
0.03822	0.058613	0.055781	0.847386	0.0
0.08486	0.449146	0.222257	0.189347	0.054389

MOTIF 33_4.427
letter-probability matrix: alength= 5 w= 8 nsites= 82 score= 4.427
0.079113	0.069935	0.838349	0.012603	0.0
0.092217	0.81467	0.069155	0.021231	0.002727
0.853832	0.038601	0.032517	0.075049	0.0
0.588133	0.133975	0.242401	0.033148	0.002343
0.049805	0.893856	0.02426	0.02948	0.002599
0.045346	0.174532	0.122209	0.64759	0.010322
0.059451	0.134226	0.783978	0.022344	0.0
0.029514	0.858302	0.029774	0.040716	0.041695

MOTIF 34_4.421
letter-probability matrix: alength= 5 w= 9 nsites= 193 score= 4.421
0.060746	0.148391	0.711094	0.07977	0.0
0.001237	0.928532	0.037355	0.031062	0.001815
0.023694	0.110158	0.130315	0.720509	0.015323
0.053451	0.0153	0.927541	0.000203	0.003505
0.144712	0.053116	0.761192	0.034451	0.006529
0.115032	0.012251	0.869726	0.002565	0.000426
0.658212	0.155042	0.129919	0.046473	0.010354
0.174097	0.660178	0.05265	0.108876	0.0042
0.312958	0.084218	0.205826	0.385122	0.011876

MOTIF 35_4.263
letter-probability matrix: alength= 5 w= 8 nsites= 48 score= 4.263
0.038395	0.110514	0.810368	0.040723	0.0
0.000406	0.976027	0.018527	0.00462	0.00042
0.16547	0.503068	0.176846	0.152978	0.001639
0.006411	0.907799	0.073886	0.011447	0.000457
0.876158	0.023231	0.035892	0.06285	0.001868
0.020465	0.028383	0.91094	0.028767	0.011445
0.085622	0.033208	0.869821	0.011162	0.000187
0.29803	0.606446	0.061193	0.030703	0.003627

MOTIF 36_4.211
letter-probability matrix: alength= 5 w= 9 nsites= 64 score= 4.211
0.12356	0.216727	0.642673	0.01704	0.0
0.865577	0.106733	0.015213	0.012477	0.0
0.967353	0.008904	0.009788	0.012642	0.001312
0.198186	0.60993	0.184236	0.007647	0.0
0.024812	0.829874	0.02064	0.124674	0.0
0.106449	0.011868	0.0328	0.848883	0.0
0.031057	0.904005	0.045041	0.017013	0.002884
0.281412	0.149938	0.059252	0.03806	0.471337
0.0	0.0	0.999278	0.0	0.000722

MOTIF 37_3.909
letter-probability matrix: alength= 5 w= 10 nsites= 161 score= 3.909
0.080703	0.84073	0.06421	0.005131	0.009227
0.613047	0.212744	0.025773	0.148436	0.0
0.085872	0.104493	0.015302	0.794333	0.0
0.132906	0.038622	0.035515	0.792958	0.0
0.048117	0.903891	0.022593	0.025399	0.0
0.011142	0.963842	0.007361	0.013752	0.003903
0.506785	0.214155	0.060196	0.194306	0.024557
0.032213	0.099668	0.813659	0.048141	0.006318
0.066134	0.114821	0.71759	0.101456	0.0
0.801099	0.02997	0.168931	0.0	0.0

MOTIF 38_3.788
letter-probability matrix: alength= 5 w= 8 nsites= 74 score= 3.788
0.825855	0.0127	0.038409	0.120786	0.00225
0.020378	0.184784	0.785015	0.008728	0.001094
0.034303	0.899232	0.018706	0.047759	0.0
0.106942	0.12149	0.073319	0.216032	0.482218
0.007259	0.0358	0.956941	0.0	0.0
0.793455	0.03176	0.11362	0.032676	0.028489
0.012054	0.015731	0.963297	0.008918	0.0
0.568907	0.118207	0.209791	0.100996	0.002098

MOTIF 39_3.779
letter-probability matrix: alength= 5 w= 8 nsites= 27 score= 3.779
0.105241	0.055109	0.0	0.329605	0.510044
0.022075	0.011917	0.958812	0.007195	0.0
0.888323	0.039402	0.038839	0.032334	0.001102
0.019353	0.0	0.980647	0.0	0.0
0.037104	0.290949	0.001447	0.6705	0.0
0.948476	0.001665	0.020979	0.027813	0.001066
0.024706	0.046944	0.926167	0.002182	0.0
0.0	0.948577	0.008822	0.042601	0.0

MOTIF 40_3.692
letter-probability matrix: alength= 5 w= 10 nsites= 217 score= 3.692
0.106106	0.782219	0.02498	0.071859	0.014836
0.010944	0.87843	0.022985	0.021308	0.066334
0.720347	0.089536	0.100664	0.087851	0.001602
0.023277	0.135535	0.820799	0.005894	0.014495
0.017912	0.198051	0.738474	0.045564	0.0
0.759602	0.073474	0.016027	0.127011	0.023887
0.154343	0.034401	0.774324	0.028529	0.008402
0.124764	0.157281	0.686142	0.030087	0.001727
0.145592	0.173609	0.339636	0.332705	0.008459
0.021707	0.45516	0.229956	0.28535	0.007827

MOTIF 41_3.591
letter-probability matrix: alength= 5 w= 8 nsites= 116 score= 3.591
0.079046	0.069927	0.036159	0.814869	0.0
0.066971	0.802708	0.080532	0.048991	0.000797
0.654063	0.182028	0.055909	0.107721	0.000279
0.00047	0.844138	0.016264	0.135101	0.004027
0.111976	0.102658	0.028988	0.746577	0.009801
0.037896	0.060628	0.858369	0.042858	0.00025
0.012956	0.888104	0.071118	0.02269	0.005133
0.667463	0.139482	0.073367	0.119219	0.000469

MOTIF 42_3.507
letter-probability matrix: alength= 5 w= 8 nsites= 39 score= 3.507
0.236493	0.050791	0.660968	0.051747	0.0
0.150652	0.840074	0.009275	0.0	0.0
0.855307	0.054794	0.032457	0.057443	0.0
0.033064	0.008804	0.010296	0.947836	0.0
0.019281	0.030781	0.022432	0.927506	0.0
0.057428	0.823639	0.008575	0.109186	0.001172
0.003882	0.980643	0.005182	0.010292	0.0
0.426876	0.167519	0.019381	0.385492	0.000732

MOTIF 43_3.473
letter-probability matrix: alength= 5 w= 8 nsites= 56 score= 3.473
0.036686	0.184712	0.030172	0.131736	0.616694
0.06363	0.025203	0.903781	0.007386	0.0
0.055578	0.09728	0.632294	0.214847	0.0
0.00662	0.977443	0.014887	0.00105	0.0
0.008986	0.00897	0.026295	0.955748	0.0
0.054462	0.857165	0.054559	0.03066	0.003154
0.711905	0.248462	0.012742	0.024038	0.002852
0.065937	0.693121	0.177468	0.050467	0.013007

MOTIF 44_3.418
letter-probability matrix: alength= 5 w= 8 nsites= 24 score= 3.418
0.008628	0.961659	0.0	0.029712	0.0
0.005595	0.016716	0.017802	0.959887	0.0
0.451196	0.244853	0.297221	0.004536	0.002193
0.005919	0.001576	0.008702	0.983804	0.0
0.015253	0.044433	0.014244	0.828972	0.097098
0.07518	0.040029	0.836269	0.048522	0.0
0.0	0.861624	0.0	0.020228	0.118149
0.590496	0.262946	0.014503	0.132055	0.0

MOTIF 45_3.206
letter-probability matrix: alength= 5 w= 8 nsites= 23 score= 3.206
0.0	0.979255	0.020745	0.0	0.0
0.201539	0.755613	0.027539	0.015309	0.0
0.167405	0.593268	0.189479	0.049849	0.0
0.814605	0.0	0.098194	0.087201	0.0
0.212474	0.761711	0.0	0.025815	0.0
0.015258	0.868562	0.059926	0.056254	0.0
0.049087	0.870044	0.048944	0.031924	0.0
0.027295	0.946955	0.014366	0.0	0.011384

MOTIF 46_2.525
letter-probability matrix: alength= 5 w= 9 nsites= 110 score= 2.525
0.196415	0.2045	0.099048	0.012739	0.487298
0.028964	0.022249	0.948787	0.0	0.0
0.817326	0.027777	0.039581	0.112644	0.002672
0.038763	0.069175	0.816138	0.075924	0.0
0.734558	0.102609	0.078148	0.082452	0.002233
0.114359	0.749705	0.130066	0.005455	0.000415
0.059231	0.150523	0.025926	0.76432	0.0
0.032352	0.735003	0.0914	0.070627	0.070617
0.182749	0.360149	0.24094	0.172731	0.043431

MOTIF 47_2.498
letter-probability matrix: alength= 5 w= 8 nsites= 22 score= 2.498
0.082607	0.04378	0.866001	0.007612	0.0
0.017721	0.002479	0.970731	0.009068	0.0
0.12241	0.010314	0.867277	0.0	0.0
0.4058	0.220948	0.018711	0.027113	0.327428
0.068118	0.03686	0.894261	0.00076	0.0
0.891918	0.077779	0.007471	0.022831	0.0
0.0	0.853404	0.132433	0.014163	0.0
0.935584	0.016318	0.0	0.044037	0.004061

MOTIF 48_2.451
letter-probability matrix: alength= 5 w= 8 nsites= 86 score= 2.451
0.09061	0.782115	0.064356	0.062919	0.0
0.129217	0.803139	0.028584	0.038729	0.000332
0.000251	0.930768	0.016777	0.046909	0.005296
0.787969	0.042518	0.124463	0.039339	0.005712
0.00782	0.039924	0.939421	0.003557	0.009278
0.064297	0.191748	0.738894	0.005061	0.0
0.646175	0.077961	0.117328	0.151227	0.007309
0.171674	0.080541	0.709717	0.02885	0.009218

MOTIF 49_2.333
letter-probability matrix: alength= 5 w= 8 nsites= 72 score= 2.333
0.034999	0.023082	0.917046	0.001361	0.023511
0.142551	0.050201	0.794362	0.012886	0.0
0.9269	0.001642	0.059009	0.012449	0.0
0.795846	0.04955	0.013866	0.138605	0.002133
0.132915	0.02737	0.135214	0.702741	0.00176
0.005707	0.064626	0.81036	0.119307	0.0
0.045137	0.734854	0.061792	0.155628	0.002588
0.69605	0.064655	0.16619	0.073104	0.0

